146.261366 75.533076 101.395364 75.533076 101.395364 171.874516 146.261366 171.874516 0 0.858401
146.624270 76.168672 101.089843 76.168672 101.089843 170.969282 146.624270 170.969282 0 0.822317
6.852757 360.739438 7.185171 379.783427 49.601290 379.043051 49.268876 359.999062 8 0.701131
146.245924 76.353412 101.366839 76.353412 101.366839 171.338577 146.245924 171.338577 0 0.830287
146.713371 75.481543 101.855327 75.481543 101.855327 171.819823 146.713371 171.819823 0 0.849914
52.038712 171.248395 97.795283 172.047079 99.520155 73.229233 53.763584 72.430549 0 0.886558
53.586553 355.847631 53.934574 375.785765 95.169064 375.066015 94.821043 355.127880 8 0.845218
53.998509 73.476386 53.998509 91.391694 98.361620 91.391694 98.361620 73.476386 8 0.710913
94.113111 287.077944 51.425815 288.568618 54.427607 374.528706 97.114903 373.038033 0 0.703634
144.850396 286.254263 96.735763 287.934463 99.786589 375.298681 147.901222 373.618481 1 0.860757
53.685977 355.789872 54.035235 375.798823 95.090036 375.082209 94.740779 355.073257 8 0.831569
144.703453 76.050491 99.768844 76.834828 101.415182 171.153479 146.349792 170.369143 0 0.848995
