371.385413 209.722761 347.248407 213.545687 356.481767 271.842827 380.618772 268.019901 11 0.710036
128.938446 73.748933 84.924180 74.517205 86.601463 170.608630 130.615728 169.840358 0 0.888854
129.174217 74.269094 85.249184 75.035808 86.908931 170.122675 130.833965 169.355960 0 0.878873
130.216613 288.708316 86.863951 289.465039 88.402711 377.620559 131.755373 376.863835 0 0.848157
372.124008 212.104221 347.165089 215.611969 354.987101 271.268473 379.946019 267.760726 11 0.719680
41.704243 360.858318 41.704243 378.245842 80.853431 378.245842 80.853431 360.858318 8 0.738988
128.447994 74.433231 85.544391 75.182116 87.180712 168.926833 130.084314 168.177948 0 0.881737
130.362707 289.193412 87.264915 289.945687 88.781301 376.819390 131.879093 376.067116 0 0.879207
87.553235 74.679894 87.553235 92.132910 130.029805 92.132910 130.029805 74.679894 8 0.762225
127.945539 74.608515 85.405194 75.351059 87.030650 168.473394 129.570995 167.730850 0 0.820669
