72.845861 329.456042 64.067683 343.504063 98.839569 365.231949 107.617747 351.183928 8 0.730006
34.102965 308.164749 25.599867 323.504745 60.425604 342.808966 68.928702 327.468971 8 0.761357
46.799211 363.861987 36.861988 381.789211 71.902615 401.212548 81.839838 383.285323 8 0.779712
62.475649 344.636138 96.510828 367.593156 144.561042 296.355785 110.525863 273.398767 0 0.892057
36.792228 248.674460 24.097953 266.803765 43.452240 280.355782 56.146516 262.226478 2 0.770579
399.299475 68.676010 388.639227 101.484881 438.064975 117.544279 448.725223 84.735409 12 0.773635
72.748865 329.450441 63.992129 343.464148 98.893495 365.272942 107.650231 351.259235 8 0.741979
398.912379 67.286522 387.556362 100.266791 438.605209 117.844319 449.961227 84.864050 12 0.822169
68.813014 103.912655 105.152915 128.424227 155.656247 53.549959 119.316345 29.038386 0 0.734151
399.443404 66.172140 387.150802 99.945787 437.268683 118.187204 449.561285 84.413557 12 0.818366
33.716127 309.569851 25.969073 324.139940 60.151418 342.315016 67.898472 327.744927 8 0.805477
61.576088 343.607479 95.605760 367.435312 144.915308 297.013979 110.885636 273.186146 0 0.906577
