254.576303 60.031821 255.762086 82.657907 309.330099 79.850526 308.144317 57.224440 12 0.811647
58.230206 351.243682 94.364811 376.545404 147.313741 300.926495 111.179137 275.624772 0 0.873902
69.965385 334.471389 59.433042 349.513135 95.321802 374.642715 105.854146 359.600969 8 0.819798
66.793125 107.582791 102.060656 132.277382 152.238706 60.615701 116.971175 35.921110 0 0.772339
20.075162 325.247246 55.447116 350.014955 107.244146 276.041129 71.872192 251.273421 0 0.888329
19.814064 325.253436 55.571260 350.290894 107.627492 275.946891 71.870296 250.909433 0 0.908198
66.501841 107.950420 102.244184 132.977478 153.536579 59.724346 117.794237 34.697288 0 0.792775
32.098109 311.410341 22.142556 327.979164 56.854989 348.836498 66.810542 332.267675 8 0.828179
231.478740 290.924621 244.611441 313.671127 304.319155 279.198862 291.186454 256.452356 12 0.831259
57.383808 350.194253 93.480198 376.419816 147.710008 301.778887 111.613617 275.553324 0 0.870554
19.074039 269.763638 38.569613 284.995249 55.187849 263.724878 35.692275 248.493267 2 0.700948
