38.234252 168.166261 82.289513 168.935248 84.000718 70.900380 39.945457 70.131392 1 0.864834
41.086579 356.830774 41.395079 374.504734 82.823236 373.781603 82.514736 356.107643 8 0.805997
131.672808 69.298299 86.356187 69.298299 86.356187 170.456170 131.672808 170.456170 0 0.867342
37.238299 76.891513 -8.370073 76.891513 -8.370073 172.366043 37.238299 172.366043 1 0.700373
232.380574 5.467764 200.753272 11.044510 215.620149 95.358759 247.247450 89.782012 11 0.842654
82.311497 286.490088 40.442241 287.220919 41.956514 373.973583 83.825770 373.242752 0 0.894899
131.380538 70.802240 85.874883 70.802240 85.874883 169.779102 131.380538 169.779102 0 0.872243
81.560701 285.890417 40.016834 287.341160 43.054452 374.327154 84.598318 372.876410 0 0.746044
85.979993 168.066167 130.851376 168.849400 132.571683 70.293044 87.700301 69.509811 0 0.710974
130.837078 70.709188 86.447179 70.709188 86.447179 166.392652 130.837078 166.392652 0 0.856656
31.420616 306.808599 7.916799 306.808599 7.916799 333.609484 31.420616 333.609484 2 0.711902
