21.297717 358.168801 21.297717 376.527715 62.585178 376.527715 62.585178 358.168801 8 0.720460
109.794769 288.697632 66.235094 288.697632 66.235094 373.538352 109.794769 373.538352 0 0.901083
111.230505 73.175861 66.201448 73.175861 66.201448 170.638087 111.230505 170.638087 0 0.869819
158.569299 72.438941 112.179157 74.058920 115.599633 172.008524 161.989774 170.388544 0 0.887976
160.236997 73.012754 113.722303 73.824671 115.424908 171.366848 161.939602 170.554931 0 0.717284
226.616413 286.514404 243.465713 316.911345 298.155086 286.596531 281.305786 256.199590 12 0.836685
159.772842 72.775444 113.302146 73.586593 115.011858 171.535927 161.482554 170.724778 0 0.880172
63.822223 287.281747 20.228041 287.281747 20.228041 376.961445 63.822223 376.961445 0 0.807820
189.657180 61.698508 199.183110 121.842860 294.974895 106.670931 285.448966 46.526580 12 0.892641
109.826396 73.649469 63.619137 74.456019 65.290310 170.197479 111.497569 169.390928 0 0.793166
21.154430 358.191993 21.154430 376.506957 62.702016 376.506957 62.702016 358.191993 8 0.727139
