20.775080 357.499410 21.120709 377.300514 62.425903 376.579529 62.080273 356.778425 8 0.819187
159.052724 74.060760 112.800201 74.868101 114.491302 171.751253 160.743825 170.943912 0 0.882268
341.155901 263.254618 340.177252 281.928351 389.886592 284.533507 390.865241 265.859774 12 0.770598
160.099799 74.655548 114.149089 74.655548 114.149089 171.559046 160.099799 171.559046 0 0.807300
387.976088 302.893041 435.178850 308.688812 446.364222 217.591269 399.161460 211.795498 11 0.846218
65.665145 170.406672 110.720626 171.193118 112.402970 74.811668 67.347489 74.025222 0 0.898381
157.122695 74.263577 112.221072 75.047338 113.894761 170.932944 158.796385 170.149183 0 0.790275
106.412614 286.818995 63.823911 288.306225 66.784372 373.082744 109.373075 371.595514 0 0.795953
68.730253 74.058795 68.730253 91.709018 110.705061 91.709018 110.705061 74.058795 8 0.812013
21.221822 356.806560 21.221822 376.201781 62.051411 376.201781 62.051411 356.806560 8 0.794279
69.859091 73.613185 69.859091 91.596021 111.214842 91.596021 111.214842 73.613185 8 0.717566
