128.756532 368.940014 172.186000 370.456605 175.015813 289.421385 131.586345 287.904794 1 0.798637
347.738136 261.637094 345.992662 281.587951 398.129499 286.149333 399.874972 266.198476 12 0.825089
86.628728 349.935578 86.628728 370.392985 127.151358 370.392985 127.151358 349.935578 8 0.788964
40.873215 351.574102 40.548375 370.184143 79.938149 370.871694 80.262988 352.261653 8 0.816838
86.610527 350.078860 86.610527 370.098942 127.218764 370.098942 127.218764 350.078860 8 0.808176
38.604929 369.313340 80.552876 370.778195 83.514229 285.976122 41.566283 284.511267 0 0.912276
39.431213 370.217644 81.866532 370.958355 83.358880 285.461821 40.923560 284.721109 0 0.892311
89.623629 170.437237 134.528301 172.005343 138.086525 70.111147 93.181853 68.543042 0 0.884270
39.294935 368.757701 80.928742 370.211585 83.867722 286.050191 42.233916 284.596306 0 0.900996
128.616625 369.320637 172.355169 370.848020 175.204876 289.243091 131.466332 287.715708 1 0.805583
41.761356 169.122944 88.188186 170.744205 91.712932 69.808671 45.286103 68.187410 1 0.879749
