78.094185 288.470611 36.083712 289.203906 37.639608 378.341168 79.650082 377.607873 0 0.895715
203.012365 57.013463 209.997029 123.468102 312.719891 112.671494 305.735227 46.216855 12 0.861750
84.288845 73.778488 84.288845 92.519138 128.424719 92.519138 128.424719 73.778488 8 0.815049
202.859051 57.412791 209.854767 123.972582 310.483034 113.396125 303.487318 46.836334 12 0.879275
37.304889 360.319247 37.629292 378.904271 79.995924 378.164759 79.671521 359.579735 8 0.759329
82.204273 170.275289 125.978918 171.039378 127.641696 75.778865 83.867052 75.014776 0 0.875790
36.398379 378.050865 79.006992 378.794601 80.588614 288.183537 37.980001 287.439801 0 0.748025
218.875649 289.630453 235.228812 320.386279 287.199513 292.752967 270.846351 261.997141 12 0.725295
1.104393 337.880971 26.678280 338.327365 27.173548 309.953493 1.599661 309.507099 2 0.715385
85.056225 73.978378 85.056225 92.816504 128.351407 92.816504 128.351407 73.978378 8 0.729852
78.232814 288.168699 35.781933 288.909682 37.345809 378.504081 79.796690 377.763098 0 0.887771
172.730284 76.059731 130.669788 76.059731 130.669788 170.920968 172.730284 170.920968 0 0.794492
