162.028755 77.371749 115.517605 77.371749 115.517605 171.980856 162.028755 171.980856 0 0.825048
342.311044 261.922404 340.321261 280.853925 390.175666 286.093834 392.165449 267.162313 12 0.728421
388.527849 302.605517 435.988044 309.275612 448.828968 217.907689 401.368773 211.237594 11 0.833987
389.262091 302.054354 435.060334 308.490878 447.715254 218.446444 401.917011 212.009921 11 0.772431
390.062976 303.559499 436.781836 309.295854 448.231173 216.048482 401.512313 210.312128 11 0.781744
62.781158 287.118924 20.637024 287.854553 22.168635 375.600497 64.312769 374.864869 0 0.904567
161.056295 76.901100 114.203875 77.718912 115.854554 172.286249 162.706974 171.468437 0 0.860764
17.975716 171.654423 64.835749 172.472368 66.486817 77.882725 19.626784 77.064780 1 0.842175
161.489520 76.371300 114.684811 77.188279 116.349986 172.586087 163.154694 171.769108 0 0.785108
112.705640 77.078153 65.989662 77.893583 67.604220 170.391551 114.320198 169.576121 0 0.721669
110.854441 286.900885 67.221119 287.662507 68.696297 372.175425 112.329619 371.413803 0 0.755709
