22.983887 308.495291 12.843800 324.722823 48.158583 346.789948 58.298670 330.562417 8 0.842871
13.187791 266.847979 30.845331 281.146773 46.770124 261.481290 29.112584 247.182496 2 0.763194
12.977483 266.855968 31.080272 280.497398 45.853387 260.892812 27.750598 247.251382 2 0.702123
348.583962 95.140767 387.499280 102.705138 401.430854 31.033401 362.515537 23.469029 11 0.782705
11.582838 322.475859 46.613715 347.927280 100.624720 273.587509 65.593844 248.136087 0 0.901676
50.839603 346.865148 86.123259 372.500225 137.465015 301.834361 102.181359 276.199284 0 0.788773
86.532364 372.506417 123.291479 400.206398 178.107086 327.463630 141.347971 299.763650 1 0.706272
86.758656 371.985895 123.442055 399.628819 177.087210 328.439294 140.403811 300.796370 1 0.714593
33.424814 370.263208 21.127020 388.495438 57.147347 412.791456 69.445141 394.559225 8 0.724538
397.018087 62.442527 383.506210 101.683865 438.810565 120.726682 452.322441 81.485343 12 0.788994
131.106362 108.144968 117.400940 125.687109 137.047809 141.036926 150.753232 123.494785 2 0.722855
131.264333 108.150231 117.514393 125.749352 136.909096 140.902155 150.659037 123.303035 2 0.734052
50.303908 347.012005 86.070845 372.998205 138.046290 301.460142 102.279353 275.473942 0 0.904703
32.908360 370.360218 20.956238 388.764872 57.650620 412.594482 69.602742 394.189829 8 0.736898
