51.282147 169.728586 96.746965 171.316253 100.118138 74.778483 54.653320 73.190816 0 0.880494
100.465666 170.326968 145.174370 171.107361 146.809758 77.416046 102.101054 76.635653 0 0.815191
236.033053 277.831331 250.251160 311.327092 305.134702 288.030410 290.916595 254.534649 12 0.849165
191.371083 67.856312 206.860450 118.519748 283.369115 95.128702 267.879748 44.465266 12 0.799806
95.729499 288.229179 52.921242 288.229179 52.921242 372.352583 95.729499 372.352583 0 0.775658
94.717937 287.765786 51.717449 288.516362 53.192842 373.041576 96.193330 372.291000 0 0.865910
191.357741 67.893270 206.763844 118.284364 283.259355 94.897339 267.853252 44.506245 12 0.827963
51.441129 169.448265 96.890523 171.035393 100.232908 75.321992 54.783515 73.734864 0 0.882823
235.472132 277.874472 249.516803 310.961641 305.301309 287.282523 291.256639 254.195353 12 0.820528
95.601601 287.026200 52.144531 287.026200 52.144531 373.939971 95.601601 373.939971 0 0.727646
95.520323 285.976870 52.627478 285.976870 52.627478 372.942626 95.520323 372.942626 0 0.770063
0.707126 166.169185 48.870470 167.851086 52.189930 72.794191 4.026586 71.112290 1 0.790307
