251.280850 269.905618 262.393257 304.106088 311.967692 287.998377 300.855286 253.797907 12 0.796780
-9.663483 377.193602 34.430704 377.963269 35.982684 289.050381 -8.111503 288.280714 0 0.784941
35.721134 376.625007 79.430954 377.387964 80.973672 289.005680 37.263853 288.242722 0 0.808324
189.308496 70.138047 204.490945 114.231078 276.339313 89.491701 261.156865 45.398670 12 0.844937
86.318337 171.320439 130.538171 172.092300 132.195493 77.144411 87.975658 76.372551 0 0.890441
36.011948 377.369101 79.580764 378.129597 81.129881 289.380750 37.561065 288.620254 0 0.886858
87.095691 170.826533 130.496473 171.584097 132.126936 78.174941 88.726154 77.417377 0 0.898491
38.986358 73.879585 38.670551 91.972147 82.484238 92.736918 82.800045 74.644355 8 0.755927
86.833111 75.537711 86.833111 93.306322 130.894354 93.306322 130.894354 75.537711 8 0.714011
86.529474 75.684643 86.529474 93.436234 131.126494 93.436234 131.126494 75.684643 8 0.769860
37.090121 358.413928 37.090121 377.651564 78.029217 377.651564 78.029217 358.413928 8 0.778223
39.954661 74.062626 39.656744 91.130284 82.069198 91.870596 82.367115 74.802938 8 0.829044
189.207708 70.173659 204.426147 114.371218 276.473418 89.563353 261.254978 45.365795 12 0.836945
