399.378358 64.995447 387.079488 100.713959 437.212627 117.976183 449.511497 82.257671 12 0.784090
33.787496 309.536801 26.098721 324.626872 60.886094 342.351924 68.574869 327.261853 8 0.799121
36.310491 249.542118 24.265424 267.399664 43.791120 280.569912 55.836187 262.712366 2 0.772329
24.078480 268.728385 41.858597 281.178157 55.369305 261.882866 37.589188 249.433095 2 0.709815
69.159046 103.903583 106.111332 128.828215 160.599152 48.046699 123.646866 23.122068 0 0.753942
23.725395 322.130171 57.686883 345.910261 108.704312 273.049821 74.742824 249.269731 0 0.922286
254.701722 58.011258 255.985222 82.501893 310.280883 79.656378 308.997384 55.165743 12 0.745218
253.828862 57.677575 255.129482 82.494884 309.678105 79.636112 308.377485 54.818803 12 0.828473
254.778832 58.688249 256.033989 82.638068 309.340838 79.844375 308.085681 55.894555 12 0.827761
36.507187 249.514089 24.334567 267.560741 43.675914 280.606644 55.848534 262.559992 2 0.766805
24.263996 321.765170 57.774488 345.229469 107.929412 273.600815 74.418920 250.136516 0 0.911906
61.507562 344.344411 95.947597 368.459584 145.235935 298.068543 110.795899 273.953370 0 0.893514
68.961959 104.205236 105.401631 128.784105 159.357636 48.791038 122.917964 24.212169 0 0.782995
