398.189994 66.228252 385.945298 99.870276 437.061892 118.475195 449.306588 84.833170 12 0.809329
410.024236 204.608689 364.688458 208.575056 371.576086 287.301006 416.911865 283.334639 11 0.713834
33.123878 312.071992 24.436137 328.411256 60.576874 347.627627 69.264615 331.288363 8 0.794420
399.523417 66.505541 386.930607 101.104004 436.701355 119.219074 449.294166 84.620612 12 0.749120
24.746931 269.724696 42.587884 282.217066 56.209149 262.763883 38.368196 250.271513 2 0.718716
72.737667 334.517862 63.689538 348.997895 100.947210 372.279072 109.995338 357.799039 8 0.784270
33.964438 312.619450 25.335369 328.186701 60.013354 347.409022 68.642423 331.841771 8 0.806386
231.096086 292.805880 244.391418 314.933029 304.039798 279.092666 290.744466 256.965518 12 0.817944
22.313766 326.370995 58.193643 350.572277 110.317329 273.295736 74.437451 249.094453 0 0.828101
62.256318 349.614674 97.694449 373.517995 148.085271 298.810529 112.647140 274.907208 0 0.786851
62.816537 348.385949 98.387363 372.378774 147.537322 299.510964 111.966496 275.518139 0 0.880695
