40.599803 360.463419 40.928327 379.284514 82.959619 378.550855 82.631095 359.729760 8 0.788617
129.305088 289.547840 86.926473 290.287561 88.420806 375.897873 130.799422 375.158151 0 0.838118
129.224267 75.395909 84.836933 76.170693 86.515346 172.326913 130.902680 171.552129 0 0.864611
82.371837 286.746861 39.787263 287.490178 41.416109 380.806713 84.000684 380.063396 0 0.750957
40.556494 360.405218 40.888948 379.451496 82.662088 378.722343 82.329634 359.676066 8 0.772502
82.454324 287.391267 40.027667 288.131827 41.634780 380.203263 84.061437 379.462703 0 0.909675
87.351696 356.133993 87.735091 378.098667 131.576988 377.333403 131.193593 355.368730 8 0.759091
129.101041 75.925306 84.989991 76.695267 86.658844 172.303779 130.769894 171.533818 0 0.892274
127.993049 288.727969 86.065206 290.192121 89.070131 376.241924 130.997975 374.777771 0 0.861541
127.627966 75.005063 84.244794 76.520036 87.559381 171.437398 130.942554 169.922424 0 0.879775
