129.359086 74.976875 84.936570 75.752273 86.618075 172.085658 131.040592 171.310260 0 0.860264
87.758988 355.337503 87.758988 377.139411 130.191867 377.139411 130.191867 355.337503 8 0.731040
129.544390 289.547244 86.431864 290.299776 87.904111 374.644797 131.016638 373.892265 0 0.885096
84.512028 75.032971 39.282711 75.032971 39.282711 172.153081 84.512028 172.153081 1 0.854911
87.436374 73.257996 87.436374 91.890394 132.255451 91.890394 132.255451 73.257996 8 0.769022
88.271158 73.604418 88.271158 92.039517 132.433712 92.039517 132.433712 73.604418 8 0.790009
175.252806 289.689514 131.809326 290.447823 133.286702 375.086622 176.730182 374.328313 1 0.709021
87.972413 73.091941 87.972413 91.985561 132.346109 91.985561 132.346109 73.091941 8 0.782843
128.982779 75.101825 84.891747 75.871437 86.566897 171.840692 130.657928 171.071080 0 0.898968
127.141319 74.055477 83.873675 75.566416 87.179117 170.221901 130.446761 168.710962 0 0.781096
175.118918 289.796309 131.982679 290.549255 133.458584 375.103796 176.594823 374.350850 1 0.720125
