399.195478 66.092644 387.221710 100.866992 438.235429 118.432424 450.209197 83.658076 12 0.713599
72.654498 333.738754 63.518590 348.359263 100.263297 371.319904 109.399205 356.699395 8 0.779482
73.746035 333.913767 64.211947 348.594975 99.398447 371.445356 108.932535 356.764148 8 0.730364
254.521047 60.101300 256.125490 83.045905 308.930807 79.353398 307.326364 56.408792 12 0.784848
23.181561 325.460378 58.465311 349.259568 109.866511 273.054153 74.582762 249.254964 0 0.886654
254.059048 59.143842 255.748475 83.303766 308.188429 79.636807 306.499002 55.476883 12 0.775105
349.161196 94.153813 391.484501 101.616554 403.733999 32.146201 361.410693 24.683461 11 0.772053
335.277408 246.352255 337.230788 268.679493 365.501642 266.206114 363.548262 243.878876 12 0.722187
73.431305 334.143056 64.159578 348.980920 99.709302 371.194853 108.981029 356.356989 8 0.751482
22.062243 325.894091 58.069371 350.181206 109.798894 273.489035 73.791766 249.201920 0 0.858861
62.364216 348.088658 98.071421 372.173472 147.405540 299.032632 111.698335 274.947818 0 0.887454
46.928342 372.252157 36.130048 390.223535 71.823849 411.670534 82.622142 393.699156 8 0.745667
