86.181794 375.704654 128.228804 376.438588 129.738702 289.936560 87.691692 289.202627 0 0.886668
85.530607 171.849612 129.466248 172.616512 131.173042 74.834347 87.237401 74.067447 0 0.877328
38.804402 171.088497 82.616114 171.853234 84.306815 74.993089 40.495102 74.228353 1 0.741086
87.125399 356.276850 87.125399 378.428170 130.060779 378.428170 130.060779 356.276850 8 0.741237
85.733515 170.361793 129.315532 171.122520 130.994011 74.962518 87.411994 74.201792 0 0.901928
231.500744 5.780249 200.068562 11.322591 214.874916 95.293600 246.307099 89.751258 11 0.838603
85.655065 374.286118 126.552986 375.714305 129.531113 290.431884 88.633192 289.003697 0 0.869853
41.022716 360.452206 41.022716 379.242959 81.658134 379.242959 81.658134 360.452206 8 0.711582
85.137086 169.605855 128.296591 170.359207 129.964049 74.830615 86.804544 74.077263 0 0.740152
86.567865 356.333248 86.567865 378.347847 129.465629 378.347847 129.465629 356.333248 8 0.726141
