340.355818 262.530397 339.054759 281.136398 383.423697 284.238977 384.724756 265.632975 12 0.811972
380.535568 297.779394 419.706370 303.284491 430.689108 225.138250 391.518306 219.633153 11 0.827705
146.801740 73.935593 101.336808 75.523263 104.695578 171.705857 150.160510 170.118187 0 0.858949
55.894682 354.622905 56.245941 374.746477 97.326886 374.029407 96.975627 353.905835 8 0.825207
381.271940 297.454826 419.164804 302.780320 429.991930 225.741314 392.099066 220.415819 11 0.786331
147.506106 72.862159 102.369730 73.650018 104.085008 171.918275 149.221385 171.130416 0 0.843903
51.941355 75.786272 3.252996 76.636131 4.896001 170.763827 53.584360 169.913969 1 0.832857
104.944433 73.541488 105.255828 91.381284 148.220330 90.631336 147.908935 72.791540 8 0.766428
56.193940 354.858845 56.547318 375.103852 97.535369 374.388403 97.181992 354.143396 8 0.811548
99.497172 72.395106 52.708745 73.211801 54.409702 170.659586 101.198129 169.842891 0 0.762807
51.460088 75.381144 2.647183 76.233176 4.330392 172.664118 53.143296 171.812085 1 0.801679
146.966987 73.054292 101.974736 74.625456 105.372934 171.937121 150.365186 170.365957 0 0.869892
