42.196349 166.987488 88.497941 169.414052 93.803760 68.173004 47.502168 65.746440 1 0.780877
350.384944 262.628744 348.998421 282.456939 401.691167 286.141575 403.077689 266.313380 12 0.852200
39.427768 350.162935 39.103529 368.738602 78.887442 369.433032 79.211681 350.857366 8 0.744456
350.112825 262.724270 348.716052 282.699050 401.520188 286.391475 402.916961 266.416694 12 0.856863
100.838048 67.801026 100.136624 87.887167 143.978336 89.418153 144.679760 69.332012 8 0.834574
85.191204 369.676127 127.226871 371.144044 130.073731 289.620641 88.038064 288.152723 0 0.829623
38.240648 369.939176 80.651396 371.420192 83.687610 284.474428 41.276861 282.993412 0 0.788549
38.911916 369.086144 80.881996 370.551772 83.860421 285.260861 41.890340 283.795234 0 0.885794
100.476511 68.218649 100.133660 87.860559 144.247317 88.630566 144.590168 68.988656 8 0.701655
92.652713 168.015478 136.977181 170.338425 142.284369 69.071230 97.959902 66.748283 0 0.838094
