108.567896 170.052443 153.039062 170.828690 154.690565 76.214147 110.219399 75.437900 0 0.802085
60.523260 170.129688 105.343406 170.912027 107.048769 73.211848 62.228623 72.429510 0 0.886792
59.002396 372.231585 103.682375 373.011477 105.153426 288.735036 60.473447 287.955144 0 0.727538
109.321155 170.806912 154.153747 171.589468 155.827898 75.677441 110.995305 74.894885 0 0.849961
229.684870 284.025455 245.653730 315.366107 300.771816 287.282039 284.802956 255.941387 12 0.868581
58.300314 289.161025 14.881846 289.161025 14.881846 374.221525 58.300314 374.221525 0 0.831803
187.870673 64.212234 198.948650 121.203482 290.692655 103.370254 279.614678 46.379006 12 0.887028
60.721603 169.411417 105.260284 170.188842 106.944397 73.706084 62.405715 72.928659 0 0.891661
188.924345 64.160208 199.974178 121.006669 290.002060 103.507021 278.952227 46.660561 12 0.881674
58.261571 288.121844 14.363334 288.888091 15.856998 374.460017 59.755234 373.693770 0 0.845611
59.740632 372.050763 102.349306 372.794500 103.819671 288.557337 61.210997 287.813600 0 0.706730
