174.181691 78.174706 133.304056 78.888227 134.958975 173.698445 175.836610 172.984923 0 0.704793
174.261292 78.256812 133.232791 78.972967 134.887431 173.767238 175.915932 173.051083 0 0.713098
41.526187 361.141285 41.857576 380.126536 82.288145 379.420817 81.956756 360.435566 8 0.732330
129.021339 289.772454 86.089262 290.521836 87.598266 376.972616 130.530343 376.223234 0 0.813673
232.068928 5.711910 200.674324 11.247626 215.518024 95.430432 246.912628 89.894716 11 0.830052
30.994727 309.535027 4.024175 310.005799 4.541372 339.636023 31.511924 339.165251 2 0.731494
127.595780 291.462275 87.085176 292.169390 88.539450 375.484678 129.050054 374.777562 0 0.814796
41.453316 360.652219 41.453316 379.253399 82.414561 379.253399 82.414561 360.652219 8 0.760630
130.662738 73.496065 86.601123 73.496065 86.601123 172.667700 130.662738 172.667700 0 0.880575
41.359910 361.346974 41.685999 380.028585 82.341932 379.318934 82.015843 360.637322 8 0.771691
