60.998149 346.490207 95.989848 368.355447 141.583086 295.391014 106.591387 273.525774 0 0.879457
32.712542 311.306334 24.761096 327.609215 60.131617 344.860571 68.083064 328.557690 8 0.823197
32.386051 311.450586 24.487849 327.644300 59.934210 344.932645 67.832412 328.738931 8 0.790199
71.843623 330.425223 63.443248 345.579900 99.206336 365.403703 107.606711 350.249026 8 0.801269
19.186485 273.603838 37.818622 285.246489 50.551163 264.870165 31.919026 253.227514 2 0.720725
32.165363 311.356815 24.263953 327.557107 60.118747 345.044658 68.020157 328.844366 8 0.803257
22.597183 325.353792 57.554960 347.197836 103.690248 273.365942 68.732471 251.521898 0 0.911387
22.348534 326.642784 57.516558 347.773865 102.907743 272.230247 67.739719 251.099167 0 0.713765
409.350360 204.802121 363.799286 208.787323 370.580675 286.298953 416.131749 282.313751 11 0.715297
61.130666 346.414515 96.219956 368.340737 141.674102 295.598897 106.584812 273.672676 0 0.897333
22.702514 325.290494 57.238257 346.870822 102.975162 273.676473 68.439419 252.096145 0 0.908127
