82.466624 77.615136 37.898840 78.393070 39.526145 171.621303 84.093928 170.843369 1 0.878161
345.231986 262.496926 343.552251 281.696380 392.639682 285.990974 394.319417 266.791520 12 0.799643
88.160084 355.342922 88.160084 378.124051 131.370898 378.124051 131.370898 355.342922 8 0.790409
345.225568 262.480676 343.542370 281.719713 392.711371 286.021443 394.394568 266.782406 12 0.784362
84.405973 169.994973 125.937067 170.719901 127.586694 76.212788 86.055601 75.487860 0 0.818580
32.181293 309.550669 5.697006 309.550669 5.697006 338.992787 32.181293 338.992787 2 0.700987
128.954075 288.179105 87.370228 288.904953 88.852934 373.849107 130.436780 373.123258 0 0.881253
84.804488 169.791197 126.562838 170.520091 128.200092 76.721863 86.441742 75.992968 0 0.756529
40.794203 359.866702 40.794203 379.106543 82.316648 379.106543 82.316648 359.866702 8 0.738371
84.310564 169.920237 125.344937 170.636495 126.976093 77.187625 85.941720 76.471367 0 0.705752
