81.616332 285.966922 39.605834 286.700218 41.237614 380.184848 83.248112 379.451552 0 0.886528
40.499348 359.675589 40.499348 376.834167 81.814078 376.834167 81.814078 359.675589 8 0.755961
129.625600 72.036167 84.991071 72.815265 86.705007 171.006594 131.339536 170.227495 0 0.889620
81.728851 285.976905 39.522559 286.713619 41.155102 380.241959 83.361394 379.505245 0 0.880273
129.555843 71.444066 85.187747 72.218514 86.916953 171.284611 131.285048 170.510163 0 0.873060
40.823121 359.595639 40.823121 377.310148 81.917395 377.310148 81.917395 359.595639 8 0.770447
129.785607 70.739512 84.970929 71.521756 86.683197 169.617519 131.497875 168.835276 0 0.857509
81.994725 285.940773 40.391201 286.666965 41.998976 378.776363 83.602501 378.050171 0 0.770654
177.322593 74.327544 134.027039 75.083270 135.691656 170.449075 178.987209 169.693349 0 0.744281
130.490922 72.694970 85.982723 72.694970 85.982723 171.332364 130.490922 171.332364 0 0.741873
87.322841 72.736321 87.322841 90.298149 133.335649 90.298149 133.335649 72.736321 8 0.777832
