65.706265 353.312459 65.706265 373.355144 106.592786 373.355144 106.592786 353.312459 8 0.789380
62.443342 288.037219 19.003804 288.037219 19.003804 374.735641 62.443342 374.735641 0 0.826857
227.094456 285.957876 244.870674 316.747189 298.804075 285.608725 281.027857 254.819413 12 0.785421
61.866920 287.355719 18.159993 288.118626 19.674297 374.873049 63.381224 374.110141 0 0.886668
188.247352 62.517976 198.698945 121.791905 294.046383 104.979579 283.594790 45.705650 12 0.874225
227.207430 286.343904 244.638263 316.534993 298.700775 285.321987 281.269942 255.130899 12 0.836027
107.738585 287.429564 63.820336 287.429564 63.820336 373.811486 107.738585 373.811486 0 0.857932
189.453933 61.864958 199.992125 121.630020 293.316979 105.174330 282.778786 45.409268 12 0.892160
109.760693 73.712923 65.702554 73.712923 65.702554 170.243488 109.760693 170.243488 0 0.841530
155.514488 75.859893 112.063645 76.618330 113.692094 169.912135 157.142938 169.153697 0 0.827939
66.677231 73.768589 66.677231 91.677451 109.397039 91.677451 109.397039 73.768589 8 0.820656
