56.572847 160.054374 101.633121 166.387182 114.426245 75.359378 69.365971 69.026569 1 0.805620
219.188100 296.471849 234.352652 321.709902 289.877493 288.347212 274.712941 263.109159 12 0.730215
78.527844 368.713327 121.703706 374.014656 132.154963 288.895993 88.979101 283.594663 0 0.801878
274.944457 50.153827 273.906500 109.618306 356.382742 111.057935 357.420699 51.593455 12 0.879404
35.870434 342.451599 33.913148 361.073933 73.172765 365.200285 75.130051 346.577951 8 0.842314
81.221471 368.009386 122.644470 373.095491 132.722265 291.018437 91.299266 285.932332 0 0.821510
266.423916 7.679032 216.694844 13.784994 228.673768 111.345496 278.402839 105.239534 11 0.810181
28.078429 148.606099 52.862827 151.649240 56.265800 123.934250 31.481402 120.891108 2 0.721378
274.674473 49.910053 273.640189 109.164166 356.295698 110.606923 357.329982 51.352811 12 0.875639
123.377355 375.878149 169.234002 381.508637 179.553240 297.465185 133.696593 291.834696 1 0.788038
123.989206 375.543557 169.063872 381.078030 179.329680 297.469730 134.255014 291.935257 1 0.795048
