31.136035 356.221412 71.349413 364.038101 87.929918 278.738798 47.716540 270.922109 0 0.892664
68.939431 156.285877 114.329602 164.289388 131.601087 66.337928 86.210917 58.334417 1 0.788647
38.994304 139.988403 62.168468 143.658830 66.166588 118.415695 42.992424 114.745268 2 0.712306
30.744253 356.204976 71.611779 364.148818 88.147893 279.077885 47.280367 271.134043 0 0.837684
297.237938 7.883712 246.017769 11.465376 252.690023 106.883054 303.910192 103.301391 11 0.864431
119.243690 377.070802 164.491070 385.866002 180.989613 300.988354 135.742233 292.193154 1 0.759028
30.955164 355.778802 71.401602 363.640793 87.817302 279.189334 47.370865 271.327343 0 0.903824
297.474028 8.189772 246.069099 11.784355 252.710477 106.760493 304.115407 103.165910 11 0.871652
118.848224 376.868865 163.622904 386.386017 181.711246 301.287059 136.936566 291.769907 1 0.708829
298.947287 11.155517 244.677127 13.999695 249.652435 108.934234 303.922595 106.090055 11 0.780212
39.069685 140.243708 62.831456 143.583207 66.391789 118.250125 42.630018 114.910625 2 0.703010
387.232570 205.875620 353.719341 209.990527 362.113555 278.355912 395.626783 274.241005 11 0.771007
66.782321 155.564098 113.267642 164.599930 132.401371 66.165431 85.916049 57.129599 1 0.800238
