254.961756 58.564157 255.806474 82.753698 309.544738 80.877117 308.700021 56.687576 12 0.713097
350.131095 93.389127 388.683176 101.583625 403.045271 34.015277 364.493191 25.820779 11 0.786321
67.061201 105.289107 102.725580 130.261573 157.193947 52.472683 121.529568 27.500217 0 0.729225
232.181239 291.504997 245.445427 313.580313 303.301591 278.816823 290.037403 256.741506 12 0.837910
58.042441 350.921144 94.148145 376.202630 146.791793 301.019710 110.686089 275.738223 0 0.845442
19.012351 326.000727 54.939283 351.157035 108.169299 275.136694 72.242367 249.980386 0 0.899558
66.463065 106.054079 102.852319 131.534109 158.329202 52.304909 121.939948 26.824879 0 0.860779
19.404888 326.986735 55.661627 351.442215 107.535378 274.536217 71.278639 250.080737 0 0.860919
69.776630 335.675257 59.911413 350.866359 97.155228 375.052775 107.020445 359.861673 8 0.775017
67.967161 105.053570 103.547417 129.967134 158.418975 51.602427 122.838719 26.688864 0 0.749915
57.918003 351.265965 94.323644 376.757469 147.595450 300.677445 111.189809 275.185940 0 0.876688
