48.166142 289.372601 4.483334 290.135088 6.050619 379.924760 49.733427 379.162274 0 0.876347
91.857434 289.029538 50.861351 289.745127 52.332602 374.033027 93.328685 373.317438 0 0.888542
48.559470 289.449116 4.688905 290.214879 6.237607 378.939981 50.108173 378.174218 0 0.880968
51.676921 170.699303 97.103100 171.492220 98.801384 74.197583 53.375205 73.404666 0 0.898355
236.662397 275.974258 249.694289 309.923498 305.383169 288.546540 292.351277 254.597300 12 0.790602
141.982889 286.863402 93.562772 287.708578 95.096126 375.554381 143.516243 374.709205 1 0.843508
100.368267 171.077284 144.270714 171.843604 145.927187 76.944316 102.024741 76.177996 0 0.811480
48.382697 290.405759 5.409844 291.155853 6.929485 378.216066 49.902338 377.465972 0 0.864937
238.590230 275.647508 250.816484 309.238867 304.590382 289.666769 292.364127 256.075410 12 0.744606
92.955568 288.169654 51.425118 288.894570 52.918521 374.451555 94.448971 373.726639 0 0.835235
51.522956 168.936250 96.973638 169.729594 98.667341 72.697388 53.216660 71.904043 0 0.827818
