21.761146 308.669184 12.135435 324.689057 48.234723 346.379697 57.860434 330.359824 8 0.830917
61.096242 332.828584 51.059867 348.890140 88.397544 372.221310 98.433918 356.159754 8 0.763969
11.484969 267.497938 30.148041 281.561572 45.773895 260.825365 27.110822 246.761731 2 0.725835
9.997639 323.065569 45.424745 348.804868 100.668849 272.767883 65.241743 247.028584 0 0.839041
65.486077 105.882118 100.306156 131.180386 155.544665 55.151101 120.724586 29.852833 0 0.732942
50.900795 347.817082 86.886306 373.962086 139.708903 301.258019 103.723392 275.113014 0 0.879465
20.979574 308.861508 11.371752 324.851609 47.792558 346.735438 57.400380 330.745337 8 0.809529
347.472998 95.995921 388.166232 103.171236 400.878570 31.075985 360.185336 23.900670 11 0.840096
255.885949 57.696146 256.301985 81.530829 311.277302 80.571231 310.861266 56.736549 12 0.827189
10.725844 322.653534 45.949555 348.245058 100.468322 273.206412 65.244611 247.614888 0 0.878617
11.439424 267.486518 30.167222 281.598926 45.772690 260.889769 27.044893 246.777362 2 0.706627
