122.946411 290.045996 79.822826 290.798721 81.301025 375.484646 124.424610 374.731921 0 0.879378
197.335074 57.621065 205.439496 123.626280 312.345828 110.499833 304.241407 44.494618 12 0.792248
219.395744 292.788030 236.792822 321.741631 289.114596 290.303537 271.717518 261.349937 12 0.810692
74.766507 288.032785 31.908578 289.529417 34.988982 377.740644 77.846911 376.244012 0 0.881266
81.684119 74.022994 81.684119 92.862371 126.393031 92.862371 126.393031 74.022994 8 0.793987
75.983226 287.457123 32.870682 288.962647 35.973266 377.809027 79.085810 376.303504 0 0.871951
170.965874 289.592961 124.618816 290.401952 126.111166 375.898609 172.458224 375.089618 1 0.726941
219.469506 292.572223 237.115416 321.939948 289.353869 290.551919 271.707959 261.184193 12 0.830196
219.877938 292.470930 238.035277 322.689816 290.052659 291.434619 271.895320 261.215733 12 0.777267
81.249354 356.142457 81.605318 376.535647 121.858075 375.833032 121.502111 355.439842 8 0.766134
121.304598 290.875051 79.060714 292.350240 81.988890 376.202243 124.232775 374.727054 0 0.870968
121.570278 289.477887 78.039963 290.997999 80.995867 375.644013 124.526182 374.123901 0 0.818490
78.676886 74.219072 31.968150 74.219072 31.968150 171.353203 78.676886 171.353203 1 0.874176
