84.140713 74.947442 37.426726 74.947442 37.426726 172.465804 84.140713 172.465804 1 0.833518
343.156997 261.601142 341.432810 281.308697 391.754520 285.711276 393.478707 266.003721 12 0.810911
84.640366 171.399398 129.262735 172.178284 130.983838 73.576367 86.361469 72.797480 0 0.874215
88.373632 71.953331 88.373632 91.127477 132.579119 91.127477 132.579119 71.953331 8 0.786244
129.525819 74.890766 85.612452 74.890766 85.612452 171.015683 129.525819 171.015683 0 0.791324
36.579086 171.836561 82.750330 172.642483 84.435739 76.085432 38.264496 75.279510 1 0.853923
84.693579 172.131863 129.550867 172.914850 131.279621 73.874590 86.422334 73.091603 0 0.840312
84.144128 75.955283 37.497527 75.955283 37.497527 171.808299 84.144128 171.808299 1 0.872477
89.430009 71.717522 89.101678 90.527609 132.077262 91.277751 132.405593 72.467664 8 0.719143
84.435152 170.272239 127.681309 171.782429 131.091096 74.138899 87.844939 72.628710 0 0.843320
85.061759 168.828775 128.366142 169.584656 130.041192 73.621135 86.736808 72.865255 0 0.756165
