231.688263 291.525616 244.841890 314.308367 304.334448 279.960323 291.180821 257.177572 12 0.805359
34.310838 307.839191 25.705145 323.364271 61.213806 343.047043 69.819498 327.521963 8 0.776225
46.744746 364.818657 37.557542 382.849560 72.887789 400.851221 82.074994 382.820317 8 0.766427
62.237628 344.001807 96.650512 368.097968 145.614987 298.169452 111.202102 274.073291 0 0.898154
62.384915 343.804885 96.768833 367.880764 145.467163 298.332341 111.083245 274.256462 0 0.906317
37.019277 248.907238 23.895739 266.970238 43.078698 280.907473 56.202236 262.844473 2 0.776518
73.040148 329.780578 64.665590 343.718184 99.033392 364.368443 107.407951 350.430837 8 0.758800
62.340854 344.495421 96.514633 368.424159 145.561730 298.377644 111.387951 274.448907 0 0.892465
34.168176 308.915196 26.185566 323.928302 61.027341 342.454002 69.009951 327.440897 8 0.812045
400.193826 67.423423 388.458824 101.504343 439.146932 118.957658 450.881934 84.876739 12 0.790182
254.527822 57.929797 255.824250 82.667130 309.784730 79.839181 308.488302 55.101848 12 0.800679
