38.026959 170.718067 83.646413 171.514357 85.366036 72.997213 39.746582 72.200923 1 0.878036
174.741011 288.959052 130.207263 288.959052 130.207263 373.212463 174.741011 373.212463 1 0.777514
37.995675 170.992182 83.723511 171.790365 85.449498 72.908629 39.721662 72.110447 1 0.879882
87.880687 69.053622 87.880687 89.012180 133.066510 89.012180 133.066510 69.053622 8 0.703327
40.132579 370.635433 82.465545 371.374358 83.945177 286.606287 41.612212 285.867362 0 0.912676
84.980176 171.030239 131.557864 171.843256 133.333879 70.095391 86.756191 69.282374 0 0.894291
39.697721 370.525990 82.514734 371.273364 84.054144 283.080640 41.237131 282.333267 0 0.769722
85.995619 169.548377 131.141232 170.336397 132.884646 70.456258 87.739033 69.668239 0 0.818588
233.095167 12.259387 200.443630 19.199685 216.553778 94.991973 249.205315 88.051674 11 0.734343
84.640612 72.047294 38.588489 72.047294 38.588489 171.545153 84.640612 171.545153 1 0.858342
85.662257 168.307712 130.700775 169.093863 132.431661 69.931521 87.393142 69.145371 0 0.882969
