231.193922 292.194368 244.040282 314.444917 304.359202 279.619772 291.512842 257.369224 12 0.833202
46.852863 364.393833 37.143982 381.909118 73.017039 401.793878 82.725920 384.278593 8 0.754274
72.783379 330.116853 64.024910 344.133334 98.768552 365.843571 107.527021 351.827090 8 0.800664
24.734175 320.927833 58.426601 344.519523 107.874815 273.900154 74.182389 250.308464 0 0.913736
61.457595 344.546228 96.564749 369.128521 146.303556 298.094142 111.196403 273.511849 0 0.909892
23.737351 268.087896 41.397664 281.395896 55.741915 262.360433 38.081601 249.052432 2 0.804408
25.111687 321.715097 59.132971 344.662743 107.296894 273.256790 73.275611 250.309145 0 0.787567
46.016837 364.243753 36.654975 381.132999 73.561812 401.590793 82.923674 384.701547 8 0.758935
34.491764 308.507016 26.197064 323.471050 60.061780 342.242569 68.356480 327.278535 8 0.843035
254.996919 57.080105 255.854750 81.645157 310.414971 79.739872 309.557140 55.174820 12 0.825309
24.577157 321.123121 58.211348 344.674036 107.933909 273.662860 74.299717 250.111945 0 0.906406
