49.040931 289.837354 3.348535 289.837354 3.348535 378.918346 49.040931 378.918346 0 0.729189
97.245598 75.174363 52.379415 75.174363 52.379415 170.489456 97.245598 170.489456 0 0.899464
49.057050 289.611205 3.297136 289.611205 3.297136 379.015615 49.057050 379.015615 0 0.715435
190.815766 67.058913 205.701671 115.748517 283.045797 92.102045 268.159891 43.412440 12 0.749418
53.372183 74.096736 53.080192 90.824890 94.885282 91.554601 95.177273 74.826447 8 0.735772
48.754594 289.138714 2.774487 289.138714 2.774487 377.221154 48.754594 377.221154 0 0.763743
191.783811 68.240600 208.756903 117.534036 282.714260 92.068476 265.741169 42.775040 12 0.814092
50.052320 73.172094 3.831682 73.172094 3.831682 169.885826 50.052320 169.885826 1 0.783750
48.891050 288.617324 2.857529 288.617324 2.857529 378.123492 48.891050 378.123492 0 0.739425
96.953177 74.452650 51.616087 74.452650 51.616087 170.436584 96.953177 170.436584 0 0.891013
48.974457 289.451528 3.434274 289.451528 3.434274 378.801199 48.974457 378.801199 0 0.728616
142.193503 287.366101 93.684564 288.212828 95.193730 374.672906 143.702669 373.826180 1 0.852453
