27.790539 376.319704 70.992811 377.073802 72.528582 289.089584 29.326309 288.335485 0 0.907203
28.588874 360.079252 28.925760 379.379471 72.252685 378.623197 71.915799 359.322977 8 0.846099
27.972745 376.276159 70.991190 377.027049 72.531136 288.803601 29.512691 288.052712 0 0.891896
28.210017 360.215423 28.545543 379.437740 71.778693 378.683103 71.443166 359.460785 8 0.738313
28.727200 360.039613 29.064970 379.390452 72.129618 378.638756 71.791848 359.287917 8 0.834954
222.551721 289.951221 238.277164 318.320671 290.768899 289.224027 275.043456 260.854578 12 0.795520
122.681159 173.188397 167.927389 174.768430 171.366325 76.290200 126.120094 74.710167 0 0.774860
74.261453 171.162733 118.428908 172.705094 121.857278 74.529397 77.689824 72.987036 0 0.767222
26.133138 170.539878 72.651949 172.164351 76.042497 75.071771 29.523686 73.447299 1 0.717712
28.735082 359.941225 29.070737 379.170842 71.408728 378.431830 71.073074 359.202213 8 0.814135
