41.209259 359.735269 41.532745 378.267754 82.701671 377.549148 82.378186 359.016663 8 0.751446
82.816778 287.366815 39.242319 288.127410 40.804881 377.646521 84.379340 376.885926 0 0.844317
129.533937 289.362993 86.400197 290.869256 89.354494 375.469260 132.488234 373.962997 0 0.786054
40.974816 359.773443 41.296789 378.219241 82.949123 377.492197 82.627150 359.046399 8 0.740354
129.408090 75.082840 85.020754 75.857623 86.699435 172.029237 131.086771 171.254453 0 0.862506
41.932273 360.093971 42.248015 378.182858 82.600706 377.478499 82.284964 359.389612 8 0.721911
127.370133 75.083545 84.574142 76.578014 87.802502 169.026150 130.598493 167.531681 0 0.733496
41.419206 359.584584 41.746632 378.342851 82.583079 377.630048 82.255653 358.871781 8 0.713956
128.602436 75.044397 83.906101 76.605227 87.249164 172.338032 131.945499 170.777201 0 0.848576
82.803640 287.765564 39.705638 288.517843 41.253707 377.206616 84.351709 376.454338 0 0.895584
