109.594215 66.968372 107.960747 85.639000 152.812798 89.563046 154.446266 70.892418 8 0.704131
110.545558 67.419122 109.282621 85.479976 152.447265 88.498342 153.710203 70.437488 8 0.758509
357.678405 259.833467 354.403530 280.510217 404.246903 288.404632 407.521779 267.727882 12 0.787203
97.292926 168.699754 141.763852 171.809464 148.867570 70.221556 104.396645 67.111846 0 0.718815
358.249955 259.923468 354.973895 280.607695 404.687426 288.481545 407.963486 267.797318 12 0.784481
110.570350 67.440176 109.306644 85.512007 152.442274 88.528344 153.705979 70.456513 8 0.747396
97.267637 168.701608 141.738033 171.811281 148.845237 70.173526 104.374841 67.063853 0 0.718534
83.362530 368.126666 124.676525 371.015622 130.497121 287.777224 89.183126 284.888268 0 0.854839
36.705635 366.084806 77.671228 368.949400 83.653571 283.397902 42.687978 280.533309 0 0.893803
110.150703 67.618933 108.901915 85.477425 152.703820 88.540352 153.952608 70.681860 8 0.760107
