129.900909 289.248046 86.603998 290.003796 88.113605 376.489126 131.410516 375.733376 0 0.853820
41.877656 360.603963 41.877656 378.709340 81.302667 378.709340 81.302667 360.603963 8 0.701736
129.640125 73.924952 84.456023 74.713644 86.154582 172.024049 131.338684 171.235358 0 0.879847
87.433300 355.194561 87.433300 377.702073 129.902863 377.702073 129.902863 355.194561 8 0.721725
129.711275 73.930268 84.602990 74.717636 86.301416 172.020377 131.409701 171.233009 0 0.873934
87.510912 73.640864 87.510912 91.098825 130.380128 91.098825 130.380128 73.640864 8 0.842507
81.407524 288.263346 38.931666 289.746636 42.049265 379.023012 84.525123 377.539723 0 0.913909
31.894374 308.400987 6.706263 308.400987 6.706263 337.259539 31.894374 337.259539 2 0.708581
86.619130 73.607705 86.619130 91.618951 130.821946 91.618951 130.821946 73.607705 8 0.749702
128.749060 74.090311 84.950068 74.854826 86.605838 169.713790 130.404829 168.949276 0 0.796916
87.966758 355.751276 88.358052 378.168513 130.822466 377.427294 130.431171 355.010057 8 0.712988
129.588320 288.549626 86.249670 290.063045 89.293205 377.218487 132.631855 375.705068 0 0.872185
