72.405795 330.220547 64.096080 344.613395 99.457098 365.029088 107.766812 350.636240 8 0.763197
35.288154 309.090359 27.065769 324.554415 60.593213 342.381273 68.815598 326.917217 8 0.828579
35.417165 309.228336 27.241739 324.604076 60.378767 342.223346 68.554193 326.847606 8 0.714745
70.695911 102.851604 107.535016 126.775198 159.403398 46.904894 122.564293 22.981299 0 0.804500
399.185451 64.957793 386.849015 100.785405 438.912275 118.712223 451.248711 82.884611 12 0.815648
24.917986 320.776792 58.528471 344.311107 108.284400 273.252276 74.673915 249.717961 0 0.901913
25.076536 321.494595 59.712855 344.857087 108.720497 272.200269 74.084178 248.837777 0 0.752061
254.519250 58.090870 255.799004 82.510034 307.896966 79.779696 306.617212 55.360532 12 0.804244
25.308859 321.812701 59.060258 344.578307 107.428549 272.869367 73.677150 250.103760 0 0.752785
70.641972 102.739761 108.000813 127.000877 161.366885 44.824332 124.008044 20.563217 0 0.811273
34.223206 309.517019 26.648036 324.384125 61.031870 341.903564 68.607039 327.036457 8 0.835601
61.598986 344.688049 96.109769 368.852759 146.294998 297.180825 111.784215 273.016114 0 0.892764
