130.300165 75.514813 85.506262 76.296694 87.155550 170.784332 131.949453 170.002452 0 0.888827
41.521407 360.578393 41.521407 378.884551 81.957621 378.884551 81.957621 360.578393 8 0.772639
82.422033 288.474610 39.814791 289.218322 41.355465 377.483483 83.962707 376.739771 0 0.903395
87.259071 355.535672 87.259071 377.735047 130.443780 377.735047 130.443780 355.535672 8 0.725717
84.847136 76.709272 38.457865 76.709272 38.457865 172.501835 84.847136 172.501835 1 0.831963
41.445230 360.766013 41.445230 378.646129 81.337557 378.646129 81.337557 360.766013 8 0.738923
130.710237 75.817431 86.621465 75.817431 86.621465 170.549235 130.710237 170.549235 0 0.891322
130.700479 75.660337 85.373484 76.451523 87.022802 170.940910 132.349797 170.149724 0 0.881552
129.444864 290.423916 86.959111 291.165507 88.445130 376.299480 130.930883 375.557889 0 0.841700
130.314271 75.850763 85.504639 76.632919 87.144847 170.600362 131.954479 169.818207 0 0.893148
129.751681 290.857377 86.628696 291.610091 88.096508 375.700985 131.219493 374.948271 0 0.854077
129.889611 290.478409 86.961616 291.227720 88.446217 376.280451 131.374212 375.531141 0 0.878115
