84.608294 288.715049 40.912409 289.477763 42.462894 378.304988 86.158779 377.542274 0 0.846463
93.975886 73.987409 93.975886 91.686744 135.735547 91.686744 135.735547 73.987409 8 0.792390
39.169356 289.671429 -2.689474 289.671429 -2.689474 381.606108 39.169356 381.606108 0 0.803380
134.940159 286.688662 88.335166 286.688662 88.335166 378.586675 134.940159 378.586675 1 0.808035
242.330100 271.698426 254.587991 307.297926 309.963685 288.230545 297.705794 252.631045 12 0.816536
90.279368 170.494143 135.171726 172.061818 138.555179 75.172387 93.662822 73.604711 0 0.771027
242.260026 272.722520 255.817978 308.042192 310.134718 287.191949 296.576766 251.872277 12 0.779867
42.767696 168.880106 88.192501 170.466375 91.576713 73.555244 46.151907 71.968975 0 0.829324
91.336025 170.063548 135.394000 170.832583 137.059532 75.414285 93.001557 74.645250 0 0.887462
94.443989 73.817431 94.443989 91.846114 136.197085 91.846114 136.197085 73.817431 8 0.721915
-4.292162 166.651932 41.777843 167.456087 43.407027 74.120191 -2.662978 73.316036 1 0.734054
134.307935 286.336426 88.031291 287.144188 89.636597 379.112137 135.913242 378.304375 1 0.811577
