161.335449 75.696514 116.028329 76.487353 117.681670 171.207171 162.988790 170.416332 0 0.774509
65.771054 286.602343 23.153878 287.346228 24.703751 376.138411 67.320927 375.394525 0 0.903446
112.405247 75.525499 67.069186 77.108669 70.369802 171.625926 115.705863 170.042756 0 0.861713
392.257850 304.342918 437.983316 309.957299 449.037593 219.927440 403.312127 214.313058 11 0.723021
391.844142 305.176195 438.757700 310.936455 450.169422 217.995440 403.255863 212.235179 11 0.805293
65.722589 285.532931 22.837087 286.281500 24.405190 376.118042 67.290692 375.369473 0 0.908565
159.908095 74.758295 114.863731 76.331279 118.184567 171.427574 163.228931 169.854590 0 0.796718
66.885540 74.197635 17.640030 75.057218 19.351185 173.089258 68.596696 172.229675 1 0.790167
67.138054 74.976723 17.088152 75.850347 18.781325 172.852171 68.831227 171.978547 1 0.879860
113.210145 287.053015 68.781517 287.828520 70.279490 373.647346 114.708118 372.871842 0 0.894233
112.555716 286.461107 68.955691 287.222148 70.477959 374.432800 114.077984 373.671758 0 0.896680
