60.655218 349.317216 95.980427 373.144371 145.620421 299.550054 110.295212 275.722900 0 0.870261
28.966346 312.572251 20.015823 328.719423 57.975721 349.760939 66.926244 333.613767 8 0.784764
20.678757 269.967920 39.227281 282.955737 53.329470 262.815724 34.780946 249.827907 2 0.732906
19.021567 326.010110 54.612917 350.931442 107.899840 274.829830 72.308489 249.908498 0 0.902760
255.460742 58.079604 256.306316 82.293678 310.019922 80.417957 309.174348 56.203884 12 0.732522
19.191404 326.518412 54.105273 350.965366 107.470291 274.752222 72.556422 250.305268 0 0.891288
29.054995 312.702788 20.096377 328.864562 57.783991 349.755147 66.742609 333.593374 8 0.837986
19.400428 327.001991 54.989204 351.006924 107.269021 273.498907 71.680245 249.493974 0 0.897096
418.211184 206.791075 368.788552 209.381205 372.811668 286.146829 422.234300 283.556698 11 0.831517
59.795186 349.934062 95.325791 373.899758 145.935015 298.868498 110.404410 274.902803 0 0.887765
19.066979 327.294897 55.630286 351.957159 108.447009 273.653147 71.883702 248.990885 0 0.908477
20.402748 326.685283 55.243910 350.185944 106.801416 273.748797 71.960254 250.248137 0 0.896526
