40.625591 360.342546 40.965484 379.814998 83.260797 379.076731 82.920904 359.604279 8 0.716776
130.079009 288.377892 87.139119 289.877386 90.145689 375.974301 133.085580 374.474807 0 0.873849
129.787242 288.916706 86.376114 290.432656 89.362785 375.959724 132.773914 374.443774 0 0.803576
87.562867 356.075681 87.960978 378.883464 131.603464 378.121682 131.205353 355.313898 8 0.712618
129.406578 74.405787 85.155879 75.178186 86.848280 172.135770 131.098979 171.363371 0 0.876025
128.212682 74.566801 85.343526 75.315085 86.982208 169.195147 129.851365 168.446864 0 0.744249
88.377814 74.346109 88.377814 91.765853 130.603251 91.765853 130.603251 74.346109 8 0.838174
82.270393 288.133634 39.776854 288.875361 41.356080 379.349145 83.849619 378.607418 0 0.900679
88.333073 74.264028 88.333073 92.602820 131.327232 92.602820 131.327232 74.264028 8 0.767448
129.991910 288.849173 87.346459 290.338385 90.316154 375.379328 132.961605 373.890116 0 0.863837
