24.148625 378.312843 70.570856 379.933943 73.818118 286.944542 27.395886 285.323441 0 0.788345
288.483300 63.519118 289.005535 78.473973 309.494831 77.758471 308.972596 62.803616 12 0.745757
28.236081 168.443941 72.816988 170.000741 76.175974 73.811956 31.595067 72.255157 0 0.896541
260.876234 266.385647 272.065450 300.822512 318.814880 285.632701 307.625664 251.195836 12 0.783467
381.067942 113.216052 417.191595 122.895356 441.905687 30.661110 405.782033 20.981806 11 0.728660
75.143421 169.606438 120.439938 171.188227 123.702121 77.771507 78.405605 76.189718 0 0.860363
330.373766 249.362304 333.549379 267.372096 361.164312 262.502838 357.988700 244.493047 12 0.703707
381.054750 112.343720 417.851621 122.203412 442.272998 31.061594 405.476127 21.201902 11 0.746515
261.282456 265.999774 272.701079 301.142683 318.561567 286.241707 307.142944 251.098798 12 0.820101
29.187786 73.077316 28.858696 91.930867 73.305277 92.706685 73.634367 73.853134 8 0.804185
289.032810 63.731994 289.551869 78.595910 309.511706 77.898897 308.992646 63.034981 12 0.719001
24.606788 376.357425 69.947881 377.940771 73.067392 288.609685 27.726299 287.026339 0 0.831467
