44.312554 357.553696 44.668587 377.950759 86.965932 377.212456 86.609900 356.815393 8 0.781817
89.832704 75.361385 44.597388 76.150970 46.234474 169.939552 91.469790 169.149967 0 0.898252
374.541082 290.715875 407.895335 295.998669 418.445881 229.385141 385.091629 224.102346 11 0.766073
137.841520 73.496495 93.371843 74.272716 95.041843 169.946982 139.511520 169.170761 0 0.874840
40.346340 289.679895 -2.920673 291.190812 0.180413 379.994297 43.447426 378.483380 0 0.847730
94.482243 74.646071 94.790456 92.303531 137.642857 91.555540 137.334645 73.898079 8 0.724143
85.679423 287.694639 42.834566 289.190814 45.865941 375.998040 88.710798 374.501865 0 0.804729
41.467961 290.744051 -1.754185 291.498497 -0.210542 379.933749 43.011604 379.179304 0 0.803020
45.287081 73.767988 45.287081 92.639954 88.005814 92.639954 88.005814 73.767988 8 0.788891
89.177443 73.925602 43.260598 75.529054 46.585379 170.738322 92.502224 169.134870 0 0.860371
136.994694 73.654722 93.431719 75.175975 96.638862 167.016519 140.201836 165.495267 0 0.700340
