92.407676 67.491363 92.074541 86.576700 136.558205 87.353165 136.891341 68.267828 8 0.863465
235.412386 6.893459 205.200991 11.678474 217.935136 92.078701 248.146531 87.293686 11 0.823261
346.941821 261.167500 344.937180 280.240381 394.315090 285.430209 396.319730 266.357328 12 0.768558
86.329261 392.588297 86.329261 410.233693 122.648544 410.233693 122.648544 392.588297 8 0.711817
88.655570 168.548831 133.719709 169.335428 135.476249 68.703315 90.412110 67.916718 0 0.750564
87.806882 170.392859 132.847452 171.179045 134.632964 68.887136 89.592394 68.100950 0 0.893601
39.603871 371.263737 81.040700 371.987019 82.569333 284.411705 41.132504 283.688423 0 0.769602
40.522137 352.965683 40.522137 371.077567 80.670273 371.077567 80.670273 352.965683 8 0.797414
82.020136 285.080257 40.815229 285.080257 40.815229 370.854497 82.020136 370.854497 0 0.909392
82.337226 285.105161 41.206715 285.105161 41.206715 370.341527 82.337226 370.341527 0 0.898847
