11.724564 290.983585 33.218528 300.553314 43.753420 276.891561 22.259455 267.321832 2 0.729684
11.741217 290.937683 33.343284 300.555543 43.866947 276.919010 22.264880 267.301150 2 0.723179
69.155903 357.160941 108.724188 372.349782 139.610303 291.888702 100.042018 276.699860 0 0.803855
98.643437 146.441238 144.989238 161.499901 174.780571 69.811606 128.434770 54.752942 1 0.805071
26.971588 341.670190 65.203624 356.346094 96.212624 275.564887 57.980588 260.888983 0 0.866280
70.678897 356.533276 109.591748 370.696396 138.272272 291.897304 99.359420 277.734184 0 0.893747
27.327497 341.393197 65.212723 355.935973 96.054217 275.591133 58.168992 261.048358 0 0.894462
26.768188 341.775480 64.982914 356.444739 96.033481 275.555247 57.818755 260.885988 0 0.908597
99.331561 147.189710 145.506907 162.192989 175.106520 71.094747 128.931174 56.091468 1 0.719982
11.265387 291.743871 33.222836 301.064255 43.624344 276.559838 21.666895 267.239454 2 0.742103
27.073975 342.793860 64.518653 357.167525 95.619954 276.145866 58.175276 261.772201 0 0.907857
