398.472244 65.910605 386.385478 101.013123 436.296106 118.198730 448.382872 83.096213 12 0.819563
29.009048 311.289805 19.855746 327.802798 58.139487 349.023822 67.292788 332.510829 8 0.835360
21.068545 269.954405 39.623710 282.946871 54.001228 262.413647 35.446064 249.421181 2 0.737670
67.917082 105.772317 104.229974 130.265672 157.872345 50.737586 121.559453 26.244231 0 0.717989
254.188915 58.263661 255.473790 82.780542 312.231312 79.806006 310.946437 55.289125 12 0.759142
59.567204 349.915333 95.770376 374.334681 146.123838 299.682603 109.920666 275.263255 0 0.856222
19.804580 326.312991 55.203091 350.189588 107.221592 273.068989 71.823081 249.192391 0 0.898922
19.422265 325.510383 54.717997 350.224720 108.065313 274.036856 72.769582 249.322519 0 0.901529
21.073773 269.522084 39.453819 282.875970 54.041790 262.797349 35.661744 249.443464 2 0.751942
346.870644 92.604258 392.105964 100.580466 404.223732 31.857193 358.988411 23.880985 11 0.730922
21.241599 269.947568 39.742231 282.901850 53.970616 262.581610 35.469984 249.627328 2 0.743006
