142.315173 75.861407 96.932561 75.861407 96.932561 170.414843 142.315173 170.414843 0 0.876513
48.286229 357.124185 48.959502 376.404186 89.385633 374.992474 88.712361 355.712473 8 0.780805
376.445785 293.075475 411.688486 298.657370 422.799746 228.503639 387.557044 222.921743 11 0.814189
142.505247 75.749286 96.975709 75.749286 96.975709 170.437844 142.505247 170.437844 0 0.881353
87.173803 287.909286 45.384732 289.368592 48.411562 376.045654 90.200632 374.586348 0 0.873637
48.105874 170.955770 93.122879 171.741544 94.816716 74.701679 49.799711 73.915904 0 0.896804
139.206328 76.177182 94.923169 77.723584 98.116180 169.159455 142.399339 167.613053 0 0.836290
339.984447 262.299774 339.345304 280.602440 379.073692 281.989786 379.712836 263.687120 12 0.770025
46.699276 71.077722 -1.087650 71.077722 -1.087650 170.483349 46.699276 170.483349 1 0.862968
93.420720 75.910485 48.454939 76.695365 50.090137 170.375793 95.055918 169.590912 0 0.865007
