396.633832 66.522936 385.203657 99.718573 436.379073 117.339682 447.809248 84.144045 12 0.807687
33.641205 308.960784 25.079720 324.406113 59.073229 343.249023 67.634715 327.803694 8 0.703548
47.285408 364.633957 37.018265 382.417170 72.135426 402.692072 82.402569 384.908859 8 0.830578
24.848574 322.923300 59.240254 345.257518 105.704908 273.708225 71.313228 251.374007 0 0.752793
33.995727 309.386378 25.456315 324.791886 59.096083 343.438714 67.635495 328.033206 8 0.831969
24.162929 322.423000 58.493002 345.578926 106.323036 274.667985 71.992963 251.512058 0 0.915907
21.144592 269.413179 40.224416 283.790858 55.786390 263.139421 36.706565 248.761742 2 0.777106
61.547241 345.576397 95.314571 368.352748 143.206019 297.350757 109.438689 274.574405 0 0.892597
411.316880 205.554099 364.644017 208.817783 370.392112 291.019370 417.064974 287.755685 11 0.893382
34.781759 309.145549 26.123360 324.765714 59.339340 343.177632 67.997739 327.557467 8 0.813716
47.736671 364.845486 37.604760 383.123937 72.287050 402.348644 82.418961 384.070193 8 0.822747
24.783381 323.022365 59.053657 345.277742 105.034067 274.474120 70.763791 252.218743 0 0.909705
