81.878415 289.362829 39.960092 289.362829 39.960092 377.265980 81.878415 377.265980 0 0.849596
84.746844 172.327610 128.989077 173.099861 130.682714 76.071454 86.440481 75.299203 0 0.882305
87.640551 73.970618 87.305912 93.142059 131.752562 93.917878 132.087200 74.746438 8 0.803891
37.801512 171.597750 83.524655 172.395851 85.173060 77.958825 39.449916 77.160724 1 0.811877
81.142745 289.383333 39.331629 290.113148 40.877313 378.665332 82.688429 377.935517 0 0.916770
231.602248 5.816762 200.284548 11.338918 215.141350 95.596032 246.459051 90.073876 11 0.826964
81.280708 289.266338 39.448196 289.996528 41.007498 379.328850 82.840009 378.598660 0 0.757052
84.739684 170.258011 127.539434 171.752611 130.831654 77.475777 88.031903 75.981177 0 0.879431
84.073672 171.593283 128.140764 173.132140 131.477882 77.569592 87.410790 76.030735 0 0.870247
41.851933 360.006719 41.851933 379.098010 81.881527 379.098010 81.881527 360.006719 8 0.704417
