167.997580 -11.960072 118.580335 -11.960072 118.580335 97.987977 167.997580 97.987977 0 0.862143
77.240067 241.239386 77.240067 289.770386 190.543124 289.770386 190.543124 241.239386 0 0.750776
362.863425 299.488687 401.403859 308.386447 422.712435 216.088863 384.172002 207.191102 11 0.748452
53.051895 266.304365 33.315433 266.304365 33.315433 287.390758 53.051895 287.390758 2 0.746775
20.871973 290.019709 20.039206 337.728866 129.845912 339.645549 130.678678 291.936393 1 0.855151
33.508831 287.112533 52.928631 287.451507 53.308238 265.703828 33.888438 265.364854 2 0.768888
102.836558 340.004570 114.835961 340.423598 116.476432 293.446649 104.477029 293.027621 8 0.782486
74.139278 240.245376 74.139278 290.152758 190.626842 290.152758 190.626842 240.245376 0 0.765824
52.990459 266.227781 33.422646 266.227781 33.422646 287.444824 52.990459 287.444824 2 0.714724
167.634247 -10.808979 117.955773 -10.808979 117.955773 98.862988 167.634247 98.862988 0 0.854797
33.455874 287.261526 52.942193 287.601661 53.327545 265.524827 33.841227 265.184692 2 0.769232
