72.132021 -36.982986 24.929418 -36.159062 26.475745 52.429927 73.678347 51.606002 0 0.798766
196.076121 254.957492 209.362443 301.292402 293.718856 277.103590 280.432534 230.768680 12 0.842569
73.070588 -36.382312 26.011609 -36.382312 26.011609 51.204652 73.070588 51.204652 0 0.797315
-4.519196 296.308694 -3.711387 342.588037 94.961700 340.865691 94.153891 294.586349 0 0.701672
121.986525 -37.353233 75.642617 -36.544297 77.165567 50.705465 123.509475 49.896529 0 0.780269
211.786223 59.732599 219.438097 78.671653 264.850931 60.323677 257.199057 41.384623 12 0.859375
-5.184531 296.114564 -4.370758 342.735635 94.785071 341.004864 93.971297 294.383792 0 0.832380
396.386872 52.711915 390.871873 64.538870 418.695122 77.513064 424.210122 65.686109 12 0.834932
-5.203502 296.700161 -4.397059 342.901233 95.360531 341.159958 94.554088 294.958886 0 0.767801
173.208778 -27.658596 126.144386 -26.837084 127.498887 50.762242 174.563279 49.940730 0 0.813977
97.875166 244.526654 98.706447 292.150727 191.050728 290.538851 190.219447 242.914778 0 0.806842
-12.998609 245.435579 -12.998609 293.745163 92.030006 293.745163 92.030006 245.435579 0 0.868967
78.853351 244.255443 68.034372 244.633250 69.677627 291.689932 80.496607 291.312125 8 0.735016
-4.980078 295.565087 -4.162870 342.382927 96.490425 340.626017 95.673216 293.808177 0 0.835142
-4.547657 296.267255 -3.744339 342.289291 94.968451 340.566253 94.165133 294.544217 0 0.702414
