196.399330 253.700058 209.094990 301.080904 293.102757 278.571091 280.407098 231.190244 12 0.748987
-12.401534 246.281214 -11.561306 294.417864 92.408032 292.603072 91.567803 244.466422 0 0.856343
-14.598478 245.279022 -13.765243 293.015065 87.105429 291.254361 86.272193 243.518318 0 0.789730
213.399941 59.048258 220.542847 77.656164 262.860218 61.412048 255.717312 42.804142 12 0.815191
-12.601977 246.658883 -11.768394 294.414841 92.590271 292.593254 91.756687 244.837296 0 0.865736
121.019653 -37.001548 74.496451 -35.376922 77.560694 52.371526 124.083896 50.746900 0 0.766588
-11.947569 245.172989 -11.947569 293.745049 92.250618 293.745049 92.250618 245.172989 0 0.863209
-13.368502 246.496133 -12.527121 294.698819 93.211750 292.853140 92.370369 244.650454 0 0.869802
126.206456 50.818015 174.601309 51.662750 175.998671 -28.392086 127.603818 -29.236821 0 0.776697
272.121732 12.882043 257.257996 14.971005 264.508593 66.561688 279.372330 64.472726 11 0.751706
25.075946 51.979975 71.895620 52.797216 73.350807 -30.570408 26.531134 -31.387648 0 0.820524
122.300676 -34.337368 73.955632 -33.493502 75.442580 51.693700 123.787624 50.849835 0 0.735726
122.790803 -34.307627 75.498142 -34.307627 75.498142 51.073028 122.790803 51.073028 0 0.829031
24.629019 51.852423 71.263472 52.666430 72.708256 -30.105220 26.073803 -30.919228 0 0.828939
174.505498 -28.375326 125.915104 -27.527177 127.331209 53.601409 175.921603 52.753260 0 0.730367
