199.643181 77.740334 204.235070 93.754152 236.555558 84.486402 231.963669 68.472583 12 0.850531
71.676456 -33.338654 25.680874 -33.338654 25.680874 53.528940 71.676456 53.528940 0 0.724853
-5.076448 296.970704 -3.434589 343.987399 94.690908 340.560781 93.049048 293.544086 0 0.785517
78.876117 244.576406 68.082296 244.953334 69.716036 291.737534 80.509857 291.360605 8 0.736428
24.829298 51.859448 71.020426 52.665717 72.519957 -33.242349 26.328828 -34.048618 0 0.834402
125.258713 244.627340 113.954689 245.219759 116.359217 291.100888 127.663241 290.508470 8 0.733866
24.760186 51.804129 70.985861 52.611001 72.490376 -33.582605 26.264701 -34.389477 0 0.836090
-5.149761 296.870292 -3.502111 344.052837 94.587980 340.627455 92.940329 293.444911 0 0.767562
17.076288 219.863259 -4.173776 220.605328 -3.377227 243.415530 17.872838 242.673461 2 0.708103
-3.974904 295.597218 -3.156150 342.503639 96.440180 340.765178 95.621426 293.858758 0 0.835381
25.311556 51.682896 71.739004 52.493290 73.242052 -33.616276 26.814604 -34.426670 0 0.822895
199.986789 77.201267 204.292626 93.270868 236.005334 84.773474 231.699497 68.703872 12 0.718142
121.186090 -37.508686 74.328640 -36.690786 75.860938 51.094507 122.718388 50.276607 0 0.816612
121.430343 -37.413732 74.816315 -36.600081 76.345274 50.993887 122.959301 50.180236 0 0.798249
