71.644928 -37.126117 24.572449 -36.304464 26.114326 52.029637 73.186805 51.207984 0 0.795946
196.568065 253.760034 209.174695 300.808616 293.056297 278.332609 280.449667 231.284026 12 0.755496
-10.136312 245.812395 -9.305901 293.386615 93.763680 291.587529 92.933269 244.013308 0 0.751780
120.805703 -36.540161 73.941370 -34.903623 76.966833 51.734297 123.831166 50.097759 0 0.750929
212.591571 59.735911 219.909568 77.848589 264.270215 59.925724 256.952218 41.813047 12 0.858763
97.575535 244.128639 98.401526 291.449644 188.954940 289.869029 188.128949 242.548024 0 0.800125
-5.018322 297.033895 -4.213750 343.127781 95.861380 341.380963 95.056808 295.287078 0 0.780972
284.020333 246.745032 285.734804 263.057141 309.458136 260.563718 307.743665 244.251609 12 0.703005
-4.940869 296.263854 -4.124942 343.008288 94.746494 341.282481 93.930567 294.538047 0 0.809845
121.719479 -33.936586 73.588433 -33.096456 75.051976 50.749840 123.183022 49.909709 0 0.841317
-12.962791 245.363221 -12.131136 293.008710 87.600492 291.267888 86.768837 243.622398 0 0.761009
-11.527236 246.759186 -10.692893 294.558699 92.633776 292.755125 91.799433 244.955612 0 0.866694
197.152097 254.027032 210.472108 300.479432 293.061727 276.797240 279.741716 230.344840 12 0.882843
78.800280 244.248829 68.010494 244.814298 70.454283 291.444587 81.244070 290.879118 8 0.778424
80.970125 292.815191 70.350062 293.186052 71.956270 339.181827 82.576332 338.810966 8 0.731810
71.010065 -35.947668 24.368407 -35.133535 25.889295 51.998078 72.530953 51.183945 0 0.816868
