89.930152 264.760148 70.897890 273.635037 80.736128 294.733206 99.768390 285.858316 2 0.712238
80.349837 348.914019 100.904756 387.572200 193.943705 338.102514 173.388785 299.444333 1 0.761023
208.139765 273.378544 214.989372 286.821656 246.211179 270.913351 239.361572 257.470239 12 0.747281
18.608056 2.235591 -22.872352 24.291115 21.679077 108.080166 63.159484 86.024643 0 0.858150
114.717915 -43.825564 72.134614 -21.183621 114.029899 57.609952 156.613201 34.968009 0 0.783853
79.074998 349.495665 99.720156 388.323562 194.564214 337.894081 173.919056 299.066185 1 0.723584
78.625069 349.834579 99.277751 388.676625 195.568624 337.477859 174.915942 298.635814 1 0.735915
115.190468 -44.748564 71.864334 -21.711650 114.025617 57.582190 157.351751 34.545276 0 0.732386
61.090596 305.466933 81.330215 345.189422 187.147445 291.272850 166.907826 251.550361 1 0.735522
63.649283 -27.356334 19.752723 -4.016119 66.535285 83.969083 110.431845 60.628868 0 0.868646
