420.395835 59.677400 408.879301 76.124715 438.350611 96.760749 449.867145 80.313434 12 0.817766
12.468455 266.174321 12.468455 315.471319 117.946875 315.471319 117.946875 266.174321 0 0.855180
-15.463094 119.216624 30.868557 120.834561 34.426430 18.950431 -11.905222 17.332494 0 0.759250
386.773087 87.105053 410.341433 93.863167 432.915569 15.137798 409.347224 8.379683 11 0.722275
10.280927 265.675918 10.280927 315.182156 117.431336 315.182156 117.431336 265.675918 0 0.837276
87.259611 120.811139 135.621406 122.499970 139.164422 21.041261 90.802628 19.352430 0 0.907373
263.641269 242.220190 265.938822 268.481339 331.227093 262.769356 328.929540 236.508206 12 0.808617
87.961949 120.731264 136.380825 122.422088 139.918671 21.111410 91.499796 19.420586 0 0.796473
87.357245 121.016862 135.632602 122.702675 139.180477 21.104823 90.905121 19.419011 0 0.867193
241.668474 210.782747 213.548567 218.317453 234.828021 297.733455 262.947927 290.198748 11 0.722508
