101.432873 240.098984 101.432873 289.599997 191.416640 289.599997 191.416640 240.098984 0 0.841796
410.703583 56.762009 397.433646 88.024021 455.684937 112.750226 468.954873 81.488215 12 0.718364
44.543116 291.051040 44.543116 340.530290 160.489194 340.530290 160.489194 291.051040 1 0.788194
93.673851 96.634775 140.854001 98.282342 144.380053 -2.690583 97.199903 -4.338150 0 0.872959
410.740964 56.763938 397.490430 87.980240 454.822449 112.316238 468.072983 81.099937 12 0.733590
93.740260 96.512309 140.757253 98.154178 144.284957 -2.866063 97.267964 -4.507932 0 0.892928
93.757831 96.561516 140.803876 98.204400 144.333389 -2.867643 97.287345 -4.510527 0 0.896460
44.102675 341.927758 44.102675 388.441223 155.193037 388.441223 155.193037 341.927758 1 0.711176
43.997616 341.890704 43.997616 388.411558 155.346140 388.411558 155.346140 341.890704 1 0.731559
247.588076 64.089377 249.020538 75.755840 272.348909 72.891476 270.916448 61.225013 12 0.785244
102.416126 240.809083 102.416126 289.805565 193.343254 289.805565 193.343254 240.809083 0 0.710695
101.123850 240.397791 101.123850 288.922324 191.220604 288.922324 191.220604 240.397791 0 0.858577
64.986858 0.543983 19.704664 0.543983 19.704664 97.574625 64.986858 97.574625 0 0.802127
