118.072079 -7.863477 72.249484 3.561379 95.704644 97.634885 141.527239 86.210029 1 0.767935
109.352503 292.306975 120.768946 338.095827 193.048625 320.074479 181.632182 274.285627 1 0.774493
119.377272 -7.006477 73.859134 3.502213 95.360590 96.635250 140.878727 86.126560 1 0.722145
137.574870 261.738367 118.020167 262.763186 119.228191 285.813644 138.782894 284.788825 2 0.739216
378.515899 269.651437 375.089780 294.029543 418.225517 300.091876 421.651636 275.713770 12 0.725076
137.066678 261.608812 117.502459 262.976875 119.107946 285.936417 138.672166 284.568354 2 0.719775
357.168867 291.321279 372.422037 292.120663 375.000474 242.921152 359.747304 242.121767 11 0.740127
242.501646 245.412030 227.477200 246.991163 232.642310 296.133905 247.666756 294.554772 11 0.737952
119.500067 -6.748498 73.888680 3.781721 95.289011 96.476736 140.900397 85.946518 1 0.716519
109.424747 292.739452 120.758104 338.195063 193.587326 320.036698 182.253969 274.581088 1 0.781980
44.873143 11.986629 -0.021429 23.180103 22.976907 115.421393 67.871480 104.227919 0 0.736434
242.101515 245.842592 226.824482 247.989639 233.698703 296.902261 248.975736 294.755214 11 0.713520
