217.286778 230.779531 193.492225 239.440040 216.203355 301.838357 239.997908 293.177848 11 0.827025
423.228216 64.867940 414.057370 80.130791 437.103799 93.978483 446.274645 78.715632 12 0.730877
26.815932 271.848918 29.322586 319.678713 140.472157 313.853611 137.965503 266.023816 0 0.792056
39.037264 24.230341 -8.526335 26.723044 -3.217525 128.021185 44.346074 125.528482 0 0.817738
143.902058 16.192524 95.872909 19.551049 102.998839 121.456599 151.027988 118.098073 0 0.867582
90.674749 21.802398 41.788394 25.220865 48.769593 125.056657 97.655948 121.638190 0 0.900313
25.989777 272.216759 28.477024 319.676259 141.177251 313.769890 138.690004 266.310390 0 0.896106
38.678684 24.343051 -8.439725 26.812423 -3.150262 127.741390 43.968147 125.272019 0 0.860661
90.672398 21.473927 42.478735 24.843956 49.437349 124.356770 97.631012 120.986740 0 0.779009
144.159616 16.774174 95.870166 19.304917 101.229744 121.571751 149.519194 119.041008 0 0.896258
90.573229 20.800884 41.940161 24.201640 48.970864 124.745376 97.603932 121.344620 0 0.869202
