93.495343 97.458156 140.742301 99.108056 144.277640 -2.130802 97.030682 -3.780702 0 0.872349
65.342015 -2.410873 19.365497 -2.410873 19.365497 98.285281 65.342015 98.285281 0 0.825657
144.107134 342.493878 130.522324 342.731001 131.311460 387.940572 144.896270 387.703449 8 0.774277
219.294309 55.609672 229.704132 82.728187 286.087363 61.084692 275.677540 33.966177 12 0.827509
44.488051 343.427566 45.309035 390.461706 155.524935 388.537881 154.703951 341.503740 1 0.735160
207.368876 263.360779 216.366140 288.080560 265.642176 270.145549 256.644912 245.425769 12 0.813481
64.392132 -3.601140 18.269628 -2.796069 20.056702 99.585340 66.179207 98.780269 0 0.821777
207.076743 263.313294 216.181384 288.328090 265.932709 270.220089 256.828068 245.205292 12 0.855350
63.810096 -2.219781 18.335652 -1.426022 20.092019 99.196215 65.566463 98.402456 0 0.825821
317.233769 303.288317 356.496180 304.659391 359.862505 208.260472 320.600093 206.889399 11 0.777824
63.692676 -3.555345 18.542518 -2.767246 20.322293 99.195999 65.472451 98.407900 0 0.706942
93.514209 97.221637 140.839170 98.874261 144.357079 -1.865467 97.032118 -3.518091 0 0.876282
