100.977065 239.940437 100.977065 289.217641 191.980607 289.217641 191.980607 239.940437 0 0.827724
410.737693 57.062289 397.785191 87.576470 453.145485 111.075521 466.097986 80.561339 12 0.710965
94.016715 96.814964 140.806367 98.448894 144.312790 -1.961924 97.523138 -3.595854 0 0.876427
100.467082 239.858783 100.467082 289.179129 191.698359 289.179129 191.698359 239.858783 0 0.801964
411.010126 57.142968 398.065020 87.639727 453.024561 110.968667 465.969666 80.471909 12 0.710293
94.184930 96.639061 140.596089 98.259774 144.098329 -2.031269 97.687170 -3.651982 0 0.895352
100.744309 240.315590 100.744309 288.448003 195.341450 288.448003 195.341450 240.315590 0 0.776094
247.323960 64.115147 248.779320 75.968105 272.500244 73.055541 271.044884 61.202584 12 0.771992
42.827137 343.072763 43.659892 390.781302 155.957527 388.821139 155.124772 341.112601 1 0.715925
42.830973 343.062802 43.663609 390.764497 156.014019 388.803413 155.181383 341.101718 1 0.703070
101.743748 240.628763 101.743748 289.055693 193.902502 289.055693 193.902502 240.628763 0 0.745699
94.037267 97.040332 140.270955 98.654848 143.776691 -1.736297 97.543003 -3.350812 0 0.765990
