313.363730 52.857359 312.385167 71.529463 338.875866 72.917782 339.854430 54.245677 12 0.749494
222.113516 67.296935 225.010585 82.201058 260.029791 75.394014 257.132723 60.489890 12 0.802771
222.290718 67.385884 225.157530 82.134353 259.858876 75.389094 256.992064 60.640626 12 0.780312
-40.998323 272.777014 -30.734521 321.064405 66.772310 300.338689 56.508508 252.051297 0 0.724614
58.995572 84.856386 38.246865 89.646602 43.355645 111.775160 64.104352 106.984944 2 0.712200
92.178293 -10.676134 43.997549 0.447267 67.942508 104.164278 116.123251 93.040877 0 0.757910
222.535189 67.129928 225.412005 81.929859 259.557212 75.292703 256.680397 60.492772 12 0.808451
145.102836 -15.185923 97.104084 -4.104537 119.271619 91.913609 167.270372 80.832224 1 0.869655
6.049347 313.242866 15.335069 361.013765 128.648235 338.987916 119.362513 291.217017 1 0.709586
313.396720 52.789918 312.411425 71.590462 338.850186 72.976059 339.835481 54.175515 12 0.781212
211.981205 39.480919 196.048946 43.453277 209.952620 99.217869 225.884879 95.245510 11 0.705516
