70.720854 23.186355 22.064605 30.024544 36.298058 131.300820 84.954307 124.462630 0 0.821934
71.148268 23.438143 22.194749 30.318112 36.417822 131.520530 85.371341 124.640562 0 0.915208
413.333840 58.916662 405.016178 76.753946 429.942253 88.377165 438.259915 70.539882 12 0.711678
237.681069 248.594954 243.296872 277.485752 308.258748 264.858442 302.642945 235.967645 12 0.798339
70.702246 23.396821 22.071165 30.231474 36.265644 131.230441 84.896725 124.395789 0 0.815073
124.517481 16.140537 75.491807 23.030646 89.759657 124.551679 138.785331 117.661570 0 0.880756
26.241235 279.071004 32.001407 325.983838 143.270104 312.321760 137.509933 265.408926 0 0.875117
70.718913 23.763826 22.325249 30.565112 36.510022 131.495016 84.903686 124.693730 0 0.905867
70.909912 23.535763 22.710278 30.309780 36.833718 130.803277 85.033352 124.029260 0 0.742958
381.498945 82.104367 403.977886 88.976869 425.492707 18.605062 403.013766 11.732560 11 0.758812
124.455951 15.683912 75.808646 22.520845 90.088240 124.125432 138.735544 117.288499 0 0.780468
