164.969195 -2.360255 121.363168 2.993892 132.753965 95.764484 176.359991 90.410338 1 0.822757
165.958294 -2.527438 121.923846 2.100770 131.853548 96.575574 175.887996 91.947367 1 0.781219
41.742346 12.701292 -2.105671 18.085152 9.072658 109.125334 52.920675 103.741474 1 0.838328
90.122455 5.608460 45.526408 11.084166 56.958276 104.189263 101.554324 98.713557 0 0.719189
41.417755 12.690421 -1.767856 17.992947 9.512006 109.860048 52.697616 104.557522 1 0.803242
164.766152 -1.646256 121.874300 3.620201 133.289999 96.593611 176.181851 91.327154 1 0.797444
41.621834 12.698834 -2.096008 18.066710 9.128211 109.480639 52.846054 104.112763 1 0.851683
374.818573 51.370771 369.255561 77.542686 423.435106 89.058904 428.998119 62.886989 12 0.783134
253.929854 238.444823 237.830655 240.136917 243.775271 296.696163 259.874471 295.004069 11 0.795605
254.264924 240.172678 238.688490 241.809827 244.554309 297.619361 260.130743 295.982212 11 0.821139
