382.390202 47.746261 377.185960 62.044799 408.751232 73.533618 413.955474 59.235081 12 0.820392
311.340330 245.370376 311.340330 260.916832 346.380126 260.916832 346.380126 245.370376 12 0.782634
95.072971 246.352697 99.924866 292.515394 190.552758 282.990019 185.700863 236.827322 0 0.703280
382.796190 48.011266 377.621241 62.229320 408.392228 73.429044 413.567177 59.210989 12 0.837718
3.779419 356.288645 9.577301 403.508609 123.330888 389.541425 117.533006 342.321461 0 0.745198
-9.212636 307.902329 -4.416221 353.537166 100.420444 342.518389 95.624029 296.883551 0 0.821626
-8.630193 308.122892 -3.824250 353.848376 98.624091 343.080622 93.818149 297.355137 0 0.813098
194.376556 260.415765 207.456620 303.198726 293.044464 277.031896 279.964400 234.248935 12 0.827109
78.662339 297.712646 67.626965 299.067619 73.125760 343.851713 84.161134 342.496739 8 0.703821
41.870831 -33.103746 -4.940935 -29.008247 2.779525 59.237022 49.591291 55.141524 0 0.736220
4.229212 356.074197 10.054967 403.521163 123.405478 389.603471 117.579723 342.156504 0 0.717492
202.005011 64.051751 210.112639 82.261781 249.532664 64.710855 241.425037 46.500825 12 0.852511
-8.821596 307.507004 -4.001686 353.365387 99.699199 342.465985 94.879289 296.607601 0 0.833739
