314.069583 244.408102 313.790678 260.386574 348.219405 260.987530 348.498310 245.009057 12 0.721824
-5.215910 303.243366 -1.918668 350.396114 98.681869 343.361439 95.384628 296.208692 0 0.796709
-2.530883 302.470757 0.758648 349.513236 98.727079 342.662616 95.437548 295.620137 0 0.721262
101.185074 -42.572204 56.442578 -39.443504 62.882022 52.644834 107.624518 49.516134 0 0.713839
195.112054 257.652121 209.837764 302.973197 292.837969 276.004795 278.112259 230.683720 12 0.869187
194.977341 258.040651 209.522026 302.804587 293.130614 275.638510 278.585930 230.874573 12 0.868307
207.942551 62.036782 215.813899 79.716118 256.144727 61.759676 248.273379 44.080340 12 0.843541
209.321743 60.689364 217.088793 78.987387 255.699719 62.598022 247.932669 44.299998 12 0.790769
-11.209147 252.264461 -8.711342 299.925420 95.144111 294.482586 92.646306 246.821627 0 0.849825
-11.398841 252.573633 -8.917280 299.924626 95.383282 294.458466 92.901721 247.107473 0 0.862768
387.281884 48.676634 381.732078 61.751158 411.887882 74.551537 417.437688 61.477014 12 0.811766
93.751465 244.904506 96.273299 293.023961 192.066001 288.003679 189.544167 239.884223 1 0.738274
8.144215 351.868901 11.470511 399.437147 123.587866 391.597138 120.261570 344.028892 0 0.788864
