372.259551 45.594015 367.968668 58.799996 398.227928 68.631826 402.518812 55.425845 12 0.731081
69.102435 -37.428593 19.374099 -27.762383 35.295388 54.145550 85.023724 44.479341 0 0.731151
69.115750 -37.130878 19.408641 -27.468795 35.259149 54.075001 84.966258 44.412917 0 0.727245
190.873296 261.093219 206.320940 305.956434 291.868600 276.500012 276.420956 231.636798 12 0.824214
372.637755 45.981803 368.535983 59.398095 399.435816 68.845122 403.537588 55.428830 12 0.778595
193.652454 262.274777 207.188936 303.935784 293.561043 275.871785 280.024561 234.210778 12 0.733216
18.991948 358.712327 27.363801 401.781778 125.780318 382.651545 117.408464 339.582094 0 0.719269
372.846065 45.958720 368.552601 59.172640 399.078148 69.090992 403.371611 55.877071 12 0.838924
-13.729522 266.124909 -6.550871 311.449124 94.995906 295.365695 87.817255 250.041479 0 0.785745
-5.110920 315.572104 2.368573 357.990414 100.494990 340.688079 93.015498 298.269769 0 0.848716
