196.321123 254.513926 209.884063 301.813519 293.116355 277.947044 279.553415 230.647451 12 0.772542
196.031420 254.121669 209.813637 302.185973 294.415692 277.926724 280.633474 229.862421 12 0.873152
-3.544837 295.729322 -2.731925 342.301037 95.472316 340.586876 94.659404 294.015161 0 0.847551
120.990591 -37.737184 74.349844 -36.108453 77.356777 49.998833 123.997523 48.370102 0 0.787237
7.697659 345.258943 8.507104 391.632027 106.762069 389.916980 105.952623 343.543896 0 0.722297
396.214096 52.365836 390.619379 64.363745 419.153713 77.669523 424.748429 65.671614 12 0.840508
7.363537 345.059945 8.182764 391.993435 110.380949 390.209559 109.561722 343.276069 0 0.732530
-3.067349 296.465797 -2.264873 342.439623 94.599462 340.748850 93.796986 294.775024 0 0.740202
211.824591 59.911687 219.224637 78.227445 263.628650 60.287060 256.228603 41.971301 12 0.853753
-13.131287 245.428700 -12.295436 293.314540 86.581725 291.588632 85.745875 243.702792 0 0.774740
-11.414792 246.825365 -10.578175 294.755116 92.044839 292.963825 91.208222 245.034074 0 0.859975
97.671632 244.082196 98.499426 291.506450 189.016787 289.926463 188.188993 242.502210 0 0.830232
197.094521 254.027512 210.623036 301.207052 292.957864 277.597920 279.429349 230.418380 12 0.871296
122.035727 -36.458520 73.919036 -35.618640 75.415742 50.127576 123.532432 49.287696 0 0.832743
174.274924 -27.893642 126.996894 -27.893642 126.996894 50.173132 174.274924 50.173132 0 0.831530
80.739527 292.925102 70.095496 293.296800 71.703546 339.345328 82.347577 338.973630 8 0.736214
97.900170 244.186910 98.733234 291.913087 190.852592 290.305138 190.019529 242.578960 0 0.811032
