194.863871 256.913811 209.766598 302.779689 292.861737 275.780442 277.959010 229.914564 12 0.866353
-5.099505 300.155130 -2.624394 347.383047 96.193331 342.204229 93.718220 294.976312 0 0.792953
-4.097601 298.741692 -2.481139 345.031109 96.137219 341.587280 94.520757 295.297863 0 0.700905
195.994066 255.477164 210.237151 302.064197 292.222196 276.998853 277.979111 230.411821 12 0.871672
111.211987 -40.820747 65.219185 -38.410367 70.021170 53.216971 116.013972 50.806590 0 0.787207
-12.415690 249.942778 -10.749783 297.648104 94.917702 293.958114 93.251796 246.252788 0 0.886807
-13.346046 249.990967 -11.673392 297.889501 94.737624 294.173546 93.064971 246.275012 0 0.862611
-4.377297 299.382308 -2.749544 345.995053 97.423266 342.496942 95.795513 295.884196 0 0.847351
162.033223 -31.116250 115.483255 -28.676669 119.654182 50.909363 166.204150 48.469783 0 0.815716
195.892802 255.784283 210.102334 302.261566 292.733357 276.998727 278.523825 230.521444 12 0.855506
111.568079 -38.861003 64.823900 -36.411245 69.532169 53.427875 116.276348 50.978117 0 0.705512
212.566213 60.335428 220.232575 78.396245 259.283010 61.820319 251.616648 43.759502 12 0.850059
