223.823732 266.707742 229.259134 280.160833 257.951634 268.568311 252.516232 255.115219 12 0.715626
64.368206 340.709891 83.983870 379.207800 177.215411 331.703958 157.599746 293.206049 1 0.865949
223.891105 266.677386 229.334676 280.150697 257.928028 268.598233 252.484457 255.124922 12 0.718691
63.026892 340.765451 83.048876 380.060807 177.586217 331.891626 157.564233 292.596270 1 0.855070
42.799533 -29.338489 -1.592929 -7.686839 41.185446 80.021827 85.577908 58.370177 0 0.721695
41.627974 -30.916216 -2.004546 -9.635214 41.757900 80.091099 85.390420 58.810097 0 0.758866
223.610226 266.270070 229.061640 279.762794 257.578717 268.241147 252.127302 254.748423 12 0.712665
93.283005 -48.142643 49.067552 -26.577326 90.075281 57.500979 134.290734 35.935662 0 0.737152
126.627404 257.819912 116.414955 262.582055 135.898228 304.364069 146.110677 299.601926 8 0.803025
81.864437 381.029707 101.917674 422.144935 194.966726 376.761880 174.913490 335.646652 1 0.725083
