199.676495 77.279104 204.032719 93.536752 236.283470 84.895189 231.927246 68.637542 12 0.848206
-13.182451 245.317817 -12.352982 292.838038 87.650680 291.092468 86.821212 243.572246 0 0.756410
123.075161 -36.514702 75.183371 -36.514702 75.183371 50.340550 123.075161 50.340550 0 0.795562
123.228686 -36.642801 75.619928 -36.642801 75.619928 50.156566 123.228686 50.156566 0 0.790391
122.763041 -36.678332 74.730538 -36.678332 74.730538 50.138107 122.763041 50.138107 0 0.832579
80.079657 293.302709 69.453510 293.673782 71.065084 339.823223 81.691231 339.452150 8 0.743765
126.312986 49.868590 173.814488 50.697732 175.246649 -31.350706 127.745146 -32.179847 0 0.760535
123.118905 -36.959642 74.932432 -36.959642 74.932432 50.456321 123.118905 50.456321 0 0.795657
72.800624 -35.779966 25.520649 -35.779966 25.520649 51.315345 72.800624 51.315345 0 0.799763
122.792101 -36.240090 74.834222 -36.240090 74.834222 50.292832 122.792101 50.292832 0 0.827068
96.697946 244.028030 97.541589 292.360324 189.316007 290.758395 188.472363 242.426101 0 0.759715
72.111272 -35.090503 25.054003 -35.090503 25.054003 51.602721 72.111272 51.602721 0 0.812725
