19.024264 97.928898 64.725443 98.726615 66.475335 -1.524613 20.774155 -2.322330 0 0.828786
18.990156 97.385977 63.879845 98.169529 65.596770 -0.193016 20.707080 -0.976568 0 0.828725
61.955212 289.316179 83.128376 289.685758 83.522519 267.105275 62.349356 266.735696 2 0.744957
219.992815 55.245657 230.389464 82.329854 286.372276 60.840065 275.975628 33.755869 12 0.804588
44.230282 342.286055 44.230282 389.931783 155.365999 389.931783 155.365999 342.286055 1 0.762352
101.120648 240.384687 101.120648 288.487854 191.349861 288.487854 191.349861 240.384687 0 0.860594
207.074609 264.057902 216.416617 288.394668 265.688333 269.481028 256.346324 245.144263 12 0.810894
206.848440 263.955202 216.283639 288.534737 265.934670 269.475492 256.499470 244.895957 12 0.855723
93.414874 97.147375 140.700417 98.798622 144.221803 -2.040668 96.936259 -3.691915 0 0.894005
327.650947 -10.829045 304.073785 -10.829045 304.073785 71.952748 327.650947 71.952748 11 0.711550
19.158147 97.256447 63.817376 98.035976 65.547687 -1.093505 20.888459 -1.873034 0 0.731085
19.026034 97.381264 63.936180 98.165174 65.650678 -0.058355 20.740532 -0.842264 0 0.831748
