93.915845 96.634772 141.102152 98.282555 144.590124 -1.599880 97.403816 -3.247662 0 0.869120
411.115525 56.186362 397.276762 87.268732 454.509357 112.750325 468.348119 81.667955 12 0.706700
93.557417 96.785480 140.786608 98.434760 144.304699 -2.310194 97.075508 -3.959473 0 0.871775
18.784838 97.731602 64.081023 98.522250 65.785996 0.844374 20.489812 0.053727 0 0.837542
411.383901 56.274083 397.551028 87.343223 454.376075 112.643364 468.208947 81.574224 12 0.706097
18.755653 97.608306 63.931099 98.396846 65.637981 0.609671 20.462534 -0.178869 0 0.840389
44.343274 291.004515 44.343274 340.751511 160.155724 340.751511 160.155724 291.004515 1 0.767624
94.030535 96.574275 140.990632 98.214157 144.476166 -1.598492 97.516070 -3.238374 0 0.890267
247.754553 64.010403 248.976880 75.640068 272.005426 73.219671 270.783099 61.590006 12 0.780504
44.496589 291.166344 44.496589 340.829366 160.145828 340.829366 160.145828 291.166344 1 0.778281
94.698750 96.907029 141.226005 97.719166 142.965841 -1.955963 96.438586 -2.768099 0 0.771811
101.716423 240.706320 101.716423 289.073069 194.723341 289.073069 194.723341 240.706320 0 0.787034
