61.748263 -38.782803 14.391142 -27.849550 35.097582 61.839899 82.454704 50.906646 0 0.783730
368.306395 270.348185 365.657081 289.199037 408.879903 295.273609 411.529218 276.422757 12 0.725745
29.642649 366.674518 40.216403 409.083526 140.239263 384.145026 129.665509 341.736018 0 0.762823
81.159196 255.355479 71.159953 257.663987 80.918166 299.931454 90.917410 297.622947 8 0.720218
369.993338 270.348163 367.209405 290.156878 408.348971 295.938667 411.132904 276.129952 12 0.823644
368.379806 270.393065 365.737516 289.193936 408.798521 295.245765 411.440811 276.444895 12 0.727910
8.439040 322.643944 18.209755 364.965559 116.847254 342.193298 107.076539 299.871683 0 0.887062
61.861683 -39.325486 14.716468 -28.441155 35.795359 62.861555 82.940575 51.977224 0 0.780004
61.602515 -38.170182 14.753394 -27.354210 35.374274 61.964634 82.223395 51.148662 0 0.786894
8.376475 322.096353 18.288887 365.031725 116.193022 342.428774 106.280610 299.493403 0 0.891078
