190.452360 70.193196 200.723701 87.983681 232.686378 69.530021 222.415037 51.739536 12 0.772231
188.535448 268.268313 205.650487 306.709322 276.828335 275.018903 259.713296 236.577894 12 0.822218
110.700216 297.268759 121.521708 337.655119 194.922200 317.987516 184.100708 277.601157 1 0.704260
35.039210 366.966147 46.460030 409.589230 145.488621 383.054599 134.067800 340.431516 0 0.796291
-4.707497 277.226183 6.361936 321.623254 107.312290 296.453504 96.242857 252.056433 0 0.801933
190.112871 69.746074 200.198422 87.940891 233.364755 69.556493 223.279203 51.361676 12 0.815194
294.969494 246.441948 295.479331 261.041774 328.734458 259.880479 328.224621 245.280653 12 0.794626
115.373418 -39.232838 67.995318 -28.294742 86.748316 52.933418 134.126416 41.995321 0 0.782821
92.879285 302.294678 82.379492 305.108089 93.999465 348.474417 104.499258 345.661006 8 0.711751
10.606161 324.066077 21.134422 366.292626 119.373118 341.798968 108.844857 299.572419 0 0.875435
188.073830 268.219443 205.229262 306.751175 277.579219 274.538898 260.423787 236.007167 12 0.865664
-4.350404 275.406045 6.311230 321.586658 109.673044 297.723703 99.011409 251.543090 0 0.887522
10.883426 324.209027 21.348416 366.181811 119.429473 341.727457 108.964482 299.754673 0 0.873438
370.417857 45.967333 366.446044 59.818693 394.913974 67.981740 398.885788 54.130380 12 0.747366
