377.539856 47.530407 372.974852 61.580046 403.965533 71.649529 408.530538 57.599890 12 0.851784
-14.805303 260.394095 -9.863564 307.411607 99.154655 295.953330 94.212916 248.935819 0 0.727854
193.083347 261.936614 206.629051 303.626003 293.098821 275.530271 279.553118 233.840883 12 0.728956
378.921396 47.773626 374.127280 61.696748 403.294058 71.739675 408.088173 57.816553 12 0.832381
78.805703 299.105986 67.824597 300.649280 74.122741 345.462906 85.103847 343.919612 8 0.701767
-10.535581 310.490384 -5.015620 355.446852 100.297361 342.516043 94.777401 297.559576 0 0.805212
195.276881 262.143639 208.667021 303.354252 293.846325 275.677818 280.456185 234.467205 12 0.797863
247.380289 13.424279 231.786355 17.024422 244.235315 70.946792 259.829249 67.346649 11 0.781557
247.466479 10.870587 231.144143 14.340006 243.060905 70.403963 259.383241 66.934544 11 0.781533
82.427552 -35.368072 34.223876 -28.593487 46.036509 55.457767 94.240185 48.683182 0 0.827045
308.504967 245.549999 308.504967 260.423645 343.305936 260.423645 343.305936 245.549999 12 0.713454
