223.702864 56.467433 231.081518 77.896600 269.997956 64.496596 262.619302 43.067429 12 0.707347
4.477998 95.797807 49.068667 97.354948 52.321027 4.219547 7.730358 2.662406 1 0.793663
52.019052 96.809713 98.574026 98.435448 102.031059 -0.561037 55.476086 -2.186772 0 0.871608
92.264178 343.184067 93.067235 389.191174 190.057696 387.498199 189.254639 341.491092 1 0.828700
245.878207 43.310647 252.013650 74.874769 304.103725 64.749485 297.968281 33.185362 12 0.893603
92.362665 343.462295 93.162840 389.304306 189.080069 387.630065 188.279894 341.788054 1 0.712860
196.471820 270.866117 206.487139 293.360892 246.514728 275.539462 236.499408 253.044686 12 0.826042
52.744074 97.072681 97.932063 98.650680 101.343848 0.949937 56.155859 -0.628063 0 0.804680
104.957225 100.843785 124.219618 101.853285 125.320445 80.848262 106.058051 79.838762 2 0.718899
4.188631 96.631790 49.188871 98.203233 52.524982 2.669506 7.524742 1.098063 1 0.823479
