188.606657 71.880492 200.518046 91.704373 225.493267 76.697746 213.581878 56.873865 12 0.751839
11.371684 118.290747 59.084854 119.956928 62.629066 18.463973 14.915896 16.797792 0 0.902634
63.358782 119.081929 112.386029 120.793998 115.923009 19.508151 66.895762 17.796082 0 0.847514
221.142806 230.405003 197.671074 238.948014 219.545541 299.047618 243.017273 290.504607 11 0.809849
25.776782 264.690733 25.776782 314.832015 141.295208 314.832015 141.295208 264.690733 0 0.878955
25.764595 265.238814 25.764595 314.173542 141.867440 314.173542 141.867440 265.238814 0 0.904879
116.403421 120.636499 165.467531 122.349855 169.038072 20.102945 119.973962 18.389589 0 0.845682
24.812975 264.917818 24.812975 314.797851 141.053260 314.797851 141.053260 264.917818 0 0.836810
24.971056 264.899655 24.971056 314.178697 143.240526 314.178697 143.240526 264.899655 0 0.748542
11.880098 118.800556 59.475904 119.631343 61.239253 18.609117 13.643448 17.778329 0 0.897980
12.012892 118.506003 59.848090 119.340969 61.620048 17.825580 13.784849 16.990613 0 0.892200
