93.911602 96.294925 141.162057 97.944947 144.708236 -3.604343 97.457781 -5.254365 0 0.890231
410.849834 56.951881 397.674000 87.992200 455.063850 112.352746 468.239684 81.312427 12 0.707764
41.934257 341.892959 41.934257 389.121979 155.862063 389.121979 155.862063 341.892959 1 0.731386
63.706375 -2.490423 18.468598 -1.700795 20.200295 97.508076 65.438072 96.718448 0 0.839861
410.338885 57.319720 397.733347 88.519519 454.756204 111.558249 467.361741 80.358449 12 0.735296
63.589908 -2.401521 18.527077 -1.614946 20.258959 97.604538 65.321790 96.817963 0 0.840798
41.246737 342.379918 42.095685 391.016070 157.001909 389.010375 156.152961 340.374222 1 0.812120
101.168384 240.569677 101.168384 289.022039 194.638380 289.022039 194.638380 240.569677 0 0.785005
102.957087 240.704658 102.957087 288.850273 189.956273 288.850273 189.956273 240.704658 0 0.711081
247.756557 64.112167 249.188922 75.777841 271.800511 73.001487 270.368147 61.335813 12 0.767440
94.570833 97.217065 141.489082 98.036026 143.253971 -3.074353 96.335721 -3.893314 0 0.822712
