391.596788 297.372137 408.168917 298.822010 412.714740 246.863011 396.142612 245.413137 11 0.748401
3.215600 95.012990 46.082989 96.509952 49.231044 6.361468 6.363654 4.864506 1 0.764486
90.075720 290.241073 90.075720 340.945976 189.156370 340.945976 189.156370 290.241073 1 0.888535
2.514287 96.372631 46.849512 97.920851 50.136115 3.804876 5.800889 2.256655 1 0.782131
49.920793 96.737457 95.010017 98.312007 98.326579 3.338103 53.237354 1.763553 0 0.887784
89.787773 290.500359 89.787773 340.809836 189.928606 340.809836 189.928606 290.500359 1 0.882009
91.208424 290.742827 91.208424 340.748773 189.444714 340.748773 189.444714 290.742827 1 0.857369
90.055042 290.720649 90.055042 340.604300 189.406651 340.604300 189.406651 290.720649 1 0.832130
90.821922 290.079478 90.821922 341.521681 189.333915 341.521681 189.333915 290.079478 1 0.853911
397.576134 56.004068 388.105638 83.508384 446.515412 103.620482 455.985907 76.116165 12 0.738555
88.449059 342.686069 88.449059 390.185273 188.763617 390.185273 188.763617 342.686069 1 0.715857
