252.266059 40.712212 256.878358 73.530421 307.446587 66.423520 302.834289 33.605311 12 0.887921
180.146877 -0.064096 134.506167 -0.064096 134.506167 99.300446 180.146877 99.300446 1 0.718205
132.642477 98.802801 179.323781 100.432948 182.820756 0.292688 136.139452 -1.337459 1 0.811597
96.333153 342.813736 97.965495 389.557905 190.574990 386.323910 188.942648 339.579742 1 0.868669
196.478096 272.069055 205.996047 293.446724 238.476285 278.985590 228.958334 257.607922 12 0.815947
259.560625 206.135600 220.305902 215.198267 242.255891 310.274115 281.510614 301.211448 11 0.806556
97.372531 342.378102 99.011827 389.321384 189.005680 386.178729 187.366385 339.235448 1 0.864132
227.240199 56.036381 233.505146 76.528099 270.075768 65.347338 263.810821 44.855619 12 0.726282
108.910233 287.896337 128.610070 288.240199 128.991348 266.396778 109.291512 266.052917 2 0.708862
58.207547 97.734304 104.025345 99.334296 107.508232 -0.402537 61.690434 -2.002530 0 0.786580
259.367423 206.305955 220.565822 215.264010 242.434108 309.985965 281.235709 301.027909 11 0.822700
