245.533576 246.545318 250.572856 275.124496 317.573096 263.310546 312.533816 234.731368 12 0.850454
26.021232 264.349715 25.156824 313.871639 141.489650 315.902236 142.354058 266.380312 0 0.803996
12.070314 120.163425 60.244851 121.004315 62.068956 16.501373 13.894419 15.660484 0 0.882833
400.393356 289.772816 423.656635 296.885114 446.533491 222.058292 423.270211 214.945994 11 0.790606
12.177011 119.441786 59.896023 120.274725 61.689340 17.535636 13.970329 16.702698 0 0.899833
63.790183 118.358461 112.300529 120.052480 115.828310 19.030052 67.317964 17.336034 0 0.827326
27.153827 265.323951 27.153827 314.583883 140.643272 314.583883 140.643272 265.323951 0 0.880614
26.444270 264.537583 25.594317 313.231357 139.960104 315.227619 140.810057 266.533846 0 0.729883
25.620886 265.504521 25.620886 314.376765 140.045638 314.376765 140.045638 265.504521 0 0.835752
11.739582 119.370089 59.369344 120.201470 61.151053 18.127468 13.521291 17.296087 0 0.892585
