195.610473 255.503689 209.876220 302.164845 293.255016 276.673389 278.989269 230.012233 12 0.866155
195.634628 254.541491 209.321079 302.271817 293.670864 278.084905 279.984414 230.354579 12 0.876814
-14.024062 245.485171 -13.197369 292.846399 86.884301 291.099467 86.057607 243.738239 0 0.757888
120.537362 -35.788440 73.962741 -34.162019 76.976312 52.135379 123.550934 50.508957 0 0.718256
396.275497 52.273309 390.321303 64.481218 418.671321 78.308446 424.625516 66.100537 12 0.834339
-11.908156 246.489390 -11.069029 294.562979 93.345693 292.740414 92.506566 244.666824 0 0.813849
173.921781 -24.516488 125.616288 -23.673312 126.911739 50.543062 175.217232 49.699886 0 0.840819
122.052764 -32.442097 74.817464 -31.617602 76.257431 50.878085 123.492731 50.053589 0 0.818803
97.841288 244.219224 98.668565 291.613889 188.935566 290.038272 188.108289 242.643608 0 0.829268
120.918098 -32.007950 73.211516 -30.341999 76.081781 51.851612 123.788362 50.185661 0 0.765961
271.800705 11.859329 256.813219 13.965682 264.311533 67.318959 279.299019 65.212606 11 0.755022
72.123885 -33.000502 25.221360 -33.000502 25.221360 52.009509 72.123885 52.009509 0 0.810331
-3.792411 296.481005 -2.985847 342.689020 95.585688 340.968447 94.779124 294.760433 0 0.796050
72.828541 -33.679357 25.661260 -33.679357 25.661260 51.878507 72.828541 51.878507 0 0.795059
121.553529 -32.848997 74.263589 -32.023548 75.720682 51.453225 123.010622 50.627776 0 0.825095
-11.966524 246.887052 -11.135734 294.482975 92.316290 292.677213 91.485500 245.081290 0 0.858613
173.903948 -25.574052 124.466850 -23.847670 127.167193 53.480035 176.604291 51.753653 0 0.738290
