17.805924 361.869169 27.101313 405.600537 132.837609 383.125594 123.542220 339.394226 0 0.709306
304.323283 245.899851 304.591252 261.251776 338.134681 260.666274 337.866712 245.314348 12 0.774650
371.608269 45.644093 367.452958 59.235503 399.082383 68.905589 403.237694 55.314179 12 0.757494
-5.554641 317.561741 2.873226 360.919360 105.983248 340.876802 97.555381 297.519183 0 0.808473
371.781123 45.965150 367.679796 59.379986 398.715844 68.868658 402.817171 55.453822 12 0.841478
193.643010 261.449234 207.280451 303.420960 290.327246 276.437420 276.689806 234.465695 12 0.762654
17.929300 361.982009 27.207898 405.634380 132.701091 383.211109 123.422493 339.558738 0 0.721681
190.567197 69.956014 200.232264 87.392258 237.464349 66.754176 227.799282 49.317933 12 0.878144
190.982728 70.441375 200.578352 87.752339 237.136920 67.487594 227.541296 50.176630 12 0.834037
237.914197 15.893379 222.181450 19.815994 235.271367 72.316783 251.004114 68.394169 11 0.732525
-6.429376 317.446827 2.027502 360.953692 105.676521 340.806363 97.219643 297.299499 0 0.855258
