64.028825 -1.326033 19.042540 -1.326033 19.042540 97.426081 64.028825 97.426081 0 0.836274
93.996867 96.793960 140.747797 98.426538 144.284860 -2.861710 97.533930 -4.494289 0 0.895958
82.937059 266.876072 61.643367 266.876072 61.643367 289.681670 82.937059 289.681670 2 0.731962
317.212286 303.321833 357.684144 304.735142 361.088540 207.246010 320.616682 205.832702 11 0.748210
45.720401 291.197229 45.720401 340.431586 158.080020 340.431586 158.080020 291.197229 1 0.778932
18.317210 96.353177 63.244628 97.137388 64.945750 -0.319865 20.018333 -1.104076 0 0.837475
207.473659 263.293695 216.639281 288.476034 265.668712 270.630780 256.503090 245.448441 12 0.824757
207.162917 263.258724 216.440719 288.749276 265.974364 270.720504 256.696562 245.229952 12 0.856284
62.431859 -0.331735 17.971011 0.444332 19.659404 97.172300 64.120252 96.396233 0 0.845753
93.499043 96.483419 140.104411 98.110915 143.566136 -1.019925 96.960768 -2.647421 0 0.765391
326.539897 -10.829523 302.849313 -10.416002 304.292838 72.283521 327.983422 71.870000 11 0.727751
62.610609 -0.264492 18.059765 0.513146 19.755108 97.639269 64.305951 96.861631 0 0.847874
