68.284823 -2.939070 23.552051 -2.158257 25.280317 96.854032 70.013089 96.073219 0 0.790378
106.308161 240.371190 106.308161 288.565450 190.918633 288.565450 190.918633 240.371190 0 0.738916
104.636326 239.924024 104.636326 289.476192 192.067775 289.476192 192.067775 239.924024 0 0.758136
204.353447 265.233110 213.046005 289.115716 262.332129 271.177034 253.639572 247.294428 12 0.834554
204.232814 264.996432 213.683607 289.616589 263.636479 270.441478 254.185686 245.821321 12 0.806244
204.195044 265.276976 213.439828 289.360460 263.249278 270.240404 254.004494 246.156920 12 0.801252
221.169626 52.657860 231.033001 81.303182 289.226935 61.265403 279.363560 32.620081 12 0.874075
50.155424 343.589631 50.963068 389.859533 161.905251 387.923030 161.097607 341.653128 1 0.764528
68.161420 -3.018514 23.712895 -2.242662 25.445711 97.030312 69.894236 96.254460 0 0.797712
51.332256 290.862629 51.332256 340.297962 166.944119 340.297962 166.944119 290.862629 1 0.783244
50.936167 343.889413 51.737294 389.785944 161.391581 387.871922 160.590454 341.975390 1 0.781621
