53.120290 302.944755 72.938820 341.840810 176.274770 289.188514 156.456240 250.292458 1 0.815054
213.951408 270.807425 220.470868 284.174300 250.105086 269.720726 243.585626 256.353851 12 0.767101
213.750545 270.655402 220.467479 284.427156 250.680477 269.691292 243.963544 255.919538 12 0.756508
214.240069 270.647632 220.341635 283.732482 249.721085 270.032619 243.619520 256.947770 12 0.771023
77.629595 342.820719 97.126486 379.489038 191.507715 329.305648 172.010825 292.637330 1 0.797655
106.906357 -41.571998 62.931807 -17.196507 103.302048 55.633336 147.276598 31.257845 0 0.785303
47.884582 -36.285137 2.792104 -12.309041 52.950172 82.024565 98.042650 58.048469 0 0.849356
77.481562 342.277954 97.555298 380.031159 192.216935 329.698673 172.143200 291.945468 1 0.801078
53.604877 302.417789 73.462300 341.390178 176.002104 289.143538 156.144680 250.171150 1 0.826587
1.483226 -5.912438 -41.808840 17.106362 6.686615 108.313048 49.978681 85.294248 0 0.718682
47.874493 -36.113734 3.342531 -12.435669 53.773725 82.411612 98.305687 58.733547 0 0.809888
