64.564469 -0.053444 19.445288 -0.053444 19.445288 98.548753 64.564469 98.548753 0 0.819031
144.509145 342.714006 131.334878 342.943964 132.133139 388.676301 145.307406 388.446343 8 0.718545
64.065957 1.201130 19.352532 1.201130 19.352532 98.198504 64.065957 98.198504 0 0.841527
219.746810 55.710994 230.037953 82.520340 286.418856 60.877739 276.127713 34.068393 12 0.811178
43.635823 343.035134 44.466267 390.611255 156.136148 388.662050 155.305704 341.085929 1 0.778662
207.152343 264.028915 216.444686 288.236295 266.035188 269.200285 256.742845 244.992905 12 0.799935
64.678682 0.584126 19.627987 0.584126 19.627987 97.654354 64.678682 97.654354 0 0.831329
206.933017 264.014123 216.288590 288.386225 266.339656 269.173421 256.984083 244.801319 12 0.849897
93.658062 97.468926 140.332931 99.098848 143.830672 -1.063339 97.155803 -2.693261 0 0.734051
64.135419 1.404702 19.373163 1.404702 19.373163 98.096255 64.135419 98.096255 0 0.844425
317.250220 303.182626 356.541202 304.554697 359.878812 208.978051 320.587830 207.605979 11 0.738495
93.815898 96.852864 140.861400 98.495729 144.313295 -0.353593 97.267792 -1.996458 0 0.885817
