60.015525 1.037196 16.563355 1.795656 18.234512 97.536133 61.686682 96.777673 0 0.855098
59.556357 1.204900 16.449151 1.957339 18.112849 97.270524 61.220055 96.518085 0 0.845758
59.061791 291.041795 81.028612 291.425227 81.442853 267.693347 59.476032 267.309915 2 0.737704
42.911360 342.363134 42.911360 389.069299 154.152108 389.069299 154.152108 342.363134 1 0.709982
100.374795 240.108723 100.374795 289.120063 191.551499 289.120063 191.551499 240.108723 0 0.855624
318.644128 302.089379 360.371216 305.007221 367.058298 209.377492 325.331210 206.459650 11 0.818727
206.845650 263.563980 215.890378 288.414167 266.672026 269.931158 257.627297 245.080972 12 0.854989
206.684750 263.862448 215.643577 288.476622 266.225996 270.066127 257.267169 245.451953 12 0.776409
91.836189 96.991318 138.552279 98.622679 141.982618 0.390631 95.266528 -1.240731 0 0.848233
100.233288 240.523254 100.233288 288.308020 194.259285 288.308020 194.259285 240.523254 0 0.785320
42.360936 291.148437 42.360936 340.091332 158.654227 340.091332 158.654227 291.148437 1 0.724514
141.452004 342.106732 128.704297 342.329244 129.500425 387.939399 142.248132 387.716887 8 0.786993
