93.677453 96.743513 140.983100 98.395462 144.476689 -1.647832 97.171041 -3.299782 0 0.878780
62.232497 289.117712 83.012649 289.480431 83.410306 266.698704 62.630154 266.335985 2 0.745110
64.049344 1.312467 19.444340 1.312467 19.444340 97.525422 64.049344 97.525422 0 0.839176
220.142645 55.329151 230.548519 82.437380 286.080111 61.120800 275.674236 34.012570 12 0.809379
51.072876 289.072607 50.215208 338.208363 163.047619 340.177860 163.905287 291.042104 1 0.771444
101.418063 240.281584 101.418063 289.196627 191.697644 289.196627 191.697644 240.281584 0 0.863633
207.297468 263.313988 216.285545 288.008527 265.854121 269.967040 256.866044 245.272502 12 0.813555
207.053832 263.268233 216.126881 288.196230 266.146985 269.990401 257.073936 245.062404 12 0.853762
130.203594 387.543650 143.124881 387.769192 143.901348 343.285423 130.980061 343.059881 8 0.737138
101.066595 240.645593 101.066595 288.622061 194.293561 288.622061 194.293561 240.645593 0 0.812514
94.377600 97.179666 141.030676 97.993998 142.769168 -1.604181 96.116092 -2.418513 0 0.799422
94.612917 96.821677 141.597937 97.641804 143.337165 -1.998476 96.352145 -2.818603 0 0.900273
