85.048066 -4.961417 41.055228 10.186531 72.036007 100.161245 116.028845 85.013296 0 0.789443
13.894611 21.930421 -29.926239 37.879906 1.761910 124.942378 45.582759 108.992894 0 0.779453
191.760097 69.141673 210.610165 97.088048 256.767812 65.954322 237.917744 38.007947 12 0.861507
299.813946 -10.908812 277.143086 -9.323511 282.903111 73.048688 305.573971 71.463387 11 0.705807
191.580096 68.580347 209.026650 96.500670 257.214806 66.389368 239.768252 38.469046 12 0.840229
131.994936 -24.070068 87.876328 -7.134521 123.026226 84.434095 167.144834 67.498548 0 0.771064
191.716903 69.057746 210.635636 97.105921 256.783808 65.978585 237.865075 37.930410 12 0.809910
131.881318 -23.952475 87.858512 -7.053703 122.788557 83.942175 166.811363 67.043403 0 0.773122
129.197665 261.243113 109.476770 263.664534 112.154673 285.474301 131.875567 283.052880 2 0.716968
104.704780 296.637547 121.196960 339.601145 193.964103 311.668456 177.471923 268.704858 1 0.842165
