93.879009 97.182216 141.770859 98.018171 143.590477 -6.227634 95.698626 -7.063589 0 0.763492
43.225846 343.059521 44.056021 390.620222 156.888505 388.650723 156.058330 341.090023 1 0.742333
410.209037 56.258928 397.358791 86.532210 454.226549 110.671141 467.076794 80.397859 12 0.734824
409.772502 56.480912 396.870754 86.875527 453.973032 111.114006 466.874780 80.719392 12 0.710806
101.486446 240.555521 101.486446 288.915738 191.145541 288.915738 191.145541 240.555521 0 0.846819
101.156712 240.350054 101.156712 289.363706 191.718596 289.363706 191.718596 240.350054 0 0.852652
63.649014 -1.057927 18.651703 -0.272496 20.375148 98.463604 65.372459 97.678173 0 0.832699
247.162487 63.952931 248.626415 75.875669 272.582255 72.934262 271.118327 61.011524 12 0.789045
42.830824 342.488731 43.670418 390.589000 156.946883 388.611751 156.107290 340.511483 1 0.823560
44.904130 292.233640 44.904130 339.567830 160.537941 339.567830 160.537941 292.233640 1 0.864052
101.423143 240.411284 101.423143 289.518909 191.481274 289.518909 191.481274 240.411284 0 0.858503
64.787399 -0.557485 19.572425 -0.557485 19.572425 98.102006 64.787399 98.102006 0 0.827523
