106.013548 96.621633 152.074511 98.230117 155.414531 2.584436 109.353569 0.975952 0 0.845287
325.065798 206.924692 285.280501 209.706751 291.998391 305.777048 331.783688 302.994989 11 0.714307
30.067625 97.362859 75.518547 98.156208 77.227829 0.231530 31.776906 -0.561818 0 0.861645
29.116716 96.629247 75.383086 98.244904 78.805079 0.251846 32.538709 -1.363812 0 0.863875
60.667789 289.645341 60.667789 339.673884 173.594117 339.673884 173.594117 289.645341 1 0.778412
106.072001 96.581441 152.051312 98.187074 155.388887 2.611433 109.409576 1.005800 0 0.853432
225.796381 51.351823 235.065004 79.877712 293.635466 60.847015 284.366843 32.321126 12 0.853201
30.072688 96.986780 75.349598 97.777092 77.047853 0.484092 31.770943 -0.306220 0 0.866130
63.263215 291.056853 63.263215 339.664625 171.537704 339.664625 171.537704 291.056853 1 0.865743
142.005290 389.705925 156.435694 389.957808 157.249668 343.325252 142.819264 343.073369 8 0.783152
