347.144125 57.411035 345.298038 72.446202 370.196422 75.503339 372.042509 60.468172 12 0.747259
56.448373 119.064883 107.584762 120.850605 111.333480 13.501369 60.197091 11.715647 0 0.894426
190.822604 77.816597 199.946143 105.895960 244.019555 91.575640 234.896016 63.496277 12 0.736167
108.095917 315.754364 130.059155 316.521337 130.910244 292.149342 108.947006 291.382369 2 0.702334
56.808362 118.366564 106.936440 120.117075 110.675937 13.031896 60.547859 11.281385 0 0.889717
-13.905587 265.913900 -13.905587 312.066539 88.689356 312.066539 88.689356 265.913900 0 0.757728
383.145040 294.219830 398.949468 295.048105 401.897530 238.795735 386.093102 237.967460 11 0.726867
257.804847 243.485026 241.455999 245.492412 247.892501 297.913518 264.241350 295.906131 11 0.706109
56.847673 118.176703 107.596757 119.948900 111.341221 12.721503 60.592136 10.949306 0 0.813577
356.095171 273.140655 355.818526 288.989650 385.293491 289.504137 385.570136 273.655142 12 0.812686
137.756651 124.461938 183.728805 126.067321 187.431096 20.047578 141.458942 18.442195 1 0.786692
25.928121 314.337567 25.928121 364.831942 147.791710 364.831942 147.791710 314.337567 1 0.703851
