82.232072 97.340260 132.018128 98.209279 133.890586 -9.063722 84.104529 -9.932741 0 0.865758
95.496892 240.325613 95.496892 288.911366 191.169498 288.911366 191.169498 240.325613 0 0.889592
95.636011 240.213018 95.636011 289.054007 191.071855 289.054007 191.071855 240.213018 0 0.890846
212.701895 58.330028 222.957301 83.713051 280.969893 60.274442 270.714486 34.891420 12 0.816633
135.442228 98.566828 185.583521 99.442048 187.486391 -9.573294 137.345098 -10.448514 0 0.789664
94.660243 240.022700 94.660243 289.406225 191.862532 289.406225 191.862532 240.022700 0 0.850023
212.256459 58.242320 222.744103 84.200149 281.678897 60.388947 271.191253 34.431118 12 0.881678
185.738299 -9.423628 136.418966 -9.423628 136.418966 98.666999 185.738299 98.666999 0 0.789018
208.825265 261.398652 217.877938 287.689525 271.112330 269.359453 262.059657 243.068581 12 0.818113
28.493905 290.537691 28.493905 340.078943 147.224406 340.078943 147.224406 290.537691 1 0.848691
135.830607 98.309717 185.472639 99.176222 187.367556 -9.383539 137.725524 -10.250044 0 0.761833
