189.673884 69.300705 200.457408 88.754697 232.823096 70.814104 222.039571 51.360111 12 0.744759
2.765799 277.070962 14.090929 322.493579 111.742813 298.146230 100.417683 252.723612 0 0.883332
291.306968 247.254647 292.314332 261.660615 324.831590 259.386787 323.824226 244.980818 12 0.746393
0.877414 279.345844 12.729301 323.577688 112.772718 296.771135 100.920831 252.539291 0 0.703433
60.832766 -34.740095 13.566007 -22.955168 35.488354 64.970564 82.755113 53.185638 0 0.814458
231.726242 13.518536 214.971479 18.007962 230.458730 75.807170 247.213493 71.317745 11 0.749539
291.313295 247.138244 292.340206 261.823756 324.988376 259.540774 323.961465 244.855262 12 0.751895
4.017176 277.559564 15.283491 322.746282 111.635957 298.722914 100.369643 253.536196 0 0.894581
186.681753 268.079412 203.748107 308.285224 272.262258 279.202692 255.195903 238.996880 12 0.705977
60.254918 -36.822879 12.997699 -25.040331 35.208763 64.043381 82.465982 52.260833 0 0.703982
231.375559 13.004250 215.001879 17.391564 230.813129 76.399954 247.186809 72.012639 11 0.783540
