73.234658 96.371999 121.557712 98.059478 125.168793 -5.348353 76.845739 -7.035831 0 0.796320
84.139911 242.113996 84.139911 290.289504 192.337157 290.289504 192.337157 242.113996 0 0.829875
23.433521 342.084377 23.433521 389.897081 137.955410 389.897081 137.955410 342.084377 1 0.775677
410.737426 272.474386 404.438354 302.109189 458.488332 313.597867 464.787404 283.963063 12 0.794452
410.200559 273.233279 404.531326 302.398954 458.541272 312.897424 464.210505 283.731749 12 0.746274
125.799714 98.344000 175.666780 99.214433 177.504400 -6.062763 127.637334 -6.933196 0 0.873435
23.477242 342.165337 23.477242 390.132236 138.050192 390.132236 138.050192 342.165337 1 0.765607
40.044261 291.208585 61.971706 291.974308 62.829614 267.407019 40.902169 266.641296 2 0.753002
85.934647 241.415280 85.934647 290.139075 193.764960 290.139075 193.764960 241.415280 0 0.850308
72.951645 96.741101 121.303839 98.429597 124.912007 -4.894806 76.559813 -6.583302 0 0.876847
125.017730 97.679956 174.686574 99.414430 178.356541 -5.679666 128.687697 -7.414140 0 0.904194
22.088397 289.838145 21.213599 339.955305 139.346549 342.017324 140.221348 291.900163 1 0.855845
