191.154469 70.228865 200.676123 87.406384 236.039005 67.804418 226.517351 50.626899 12 0.815765
-4.223796 318.733996 4.034822 361.220901 104.453456 341.701496 96.194838 299.214591 0 0.858972
74.223121 252.564105 62.871048 254.565782 70.990272 300.612191 82.342345 298.610514 8 0.715853
302.758663 245.929309 303.031513 261.560887 337.018950 260.967634 336.746100 245.336056 12 0.749106
-13.394805 267.276094 -5.921222 314.462437 98.815895 297.873708 91.342313 250.687365 0 0.785416
302.802029 246.022806 303.074083 261.608732 337.116050 261.014528 336.843997 245.428601 12 0.753048
-4.056445 318.601124 4.196391 361.058285 104.287846 341.602477 96.035010 299.145316 0 0.854814
66.120131 -38.024311 17.316980 -28.537940 34.131132 57.963374 82.934283 48.477003 0 0.778743
66.895008 -36.921718 17.712617 -27.361629 34.293193 57.938038 83.475584 48.377950 0 0.808689
-4.054878 318.502572 4.361306 361.800086 105.762123 342.089764 97.345939 298.792250 0 0.885176
