-3.850385 296.253702 -3.038941 342.741303 94.754176 341.034317 93.942732 294.546717 0 0.805990
195.990628 254.516900 209.365723 301.161403 294.009163 276.890287 280.634067 230.245785 12 0.848569
97.725410 244.455887 98.553502 291.897246 190.123143 290.298892 189.295051 242.857533 0 0.777241
120.561003 -38.003905 73.829221 -36.371995 76.873489 50.804442 123.605271 49.172532 0 0.778899
-12.200509 246.966381 -11.367056 294.714853 92.360389 292.904284 91.526937 245.155812 0 0.863296
-12.059563 246.865947 -11.221803 294.861211 93.478033 293.033669 92.640272 245.038405 0 0.880731
396.308471 52.360055 390.744610 64.291795 419.092679 77.510716 424.656540 65.578977 12 0.837831
97.194620 244.134488 98.019218 291.375684 188.187161 289.801797 187.362563 242.560601 0 0.810462
212.842976 59.556453 220.261302 77.917454 264.196372 60.166533 256.778047 41.805532 12 0.871102
120.811263 -36.970747 73.184685 -35.307590 76.199196 51.016703 123.825774 49.353546 0 0.807874
-14.177453 245.453938 -13.341482 293.346665 87.152188 291.592542 86.316217 243.699814 0 0.773196
120.615251 -36.394668 72.655795 -34.719887 75.650234 51.029623 123.609690 49.354842 0 0.824500
16.899613 219.782486 -4.844089 220.541793 -4.032702 243.776881 17.711000 243.017575 2 0.710875
-10.746929 245.901232 -9.911551 293.759966 93.492791 291.955037 92.657413 244.096303 0 0.707116
