62.907715 95.875940 108.809267 97.478858 112.202613 0.306143 66.301061 -1.296775 0 0.887221
255.768731 40.578311 260.340035 73.104835 309.913724 66.137707 305.342419 33.611183 12 0.878653
101.192417 289.376945 102.053554 338.711487 192.492631 337.132867 191.631494 287.798325 1 0.880933
138.338450 99.919078 184.371324 100.722585 186.144503 -0.862782 140.111629 -1.666288 0 0.781823
101.522793 290.478554 102.367850 338.891816 192.628532 337.316310 191.783475 288.903048 1 0.870721
12.347575 95.112089 59.744064 96.767211 63.198271 -2.148351 15.801782 -3.803473 1 0.836150
254.684545 40.785911 259.282265 73.500385 310.668214 66.278561 306.070495 33.564087 12 0.738313
63.649898 95.596796 108.306463 97.156237 111.620773 2.246844 66.964207 0.687402 0 0.743882
11.545298 95.067733 59.872690 96.755363 63.320330 -1.972120 14.992938 -3.659749 1 0.858466
138.531932 100.443016 184.966706 101.253538 186.721887 0.699302 140.287113 -0.111220 0 0.860939
63.443923 95.379156 108.361917 96.947727 111.656961 2.590015 66.738967 1.021444 0 0.800955
