370.727112 45.108793 366.461111 58.238195 396.330403 67.943316 400.596404 54.813914 12 0.782758
189.541156 70.728727 199.286572 88.309923 234.484381 68.799458 224.738965 51.218263 12 0.833521
-8.571693 272.987438 1.313105 319.491753 107.372055 296.948227 97.487257 250.443912 0 0.830029
29.565551 365.270097 40.271161 408.207953 138.789861 383.644483 128.084251 340.706626 0 0.807689
89.417760 301.797750 78.615471 304.291655 88.706356 348.000081 99.508645 345.506176 8 0.758565
189.576642 71.465949 199.495891 88.646592 233.967801 68.744225 224.048553 51.563583 12 0.790048
29.279355 365.430815 39.950350 408.229837 138.947586 383.547053 128.276592 340.748032 0 0.806586
62.509945 -35.146990 15.541405 -24.303448 35.001429 59.987178 81.969969 49.143636 0 0.757403
4.621061 321.727889 14.478844 364.426638 114.763681 341.274059 104.905898 298.575310 0 0.848179
371.152538 44.982049 366.652039 58.052449 395.897754 68.122556 400.398253 55.052157 12 0.790256
