428.770498 65.610286 418.222511 81.852762 442.600096 97.683750 453.148083 81.441274 12 0.748563
154.045423 16.319516 105.219009 18.024572 108.812557 120.930329 157.638971 119.225273 0 0.880425
396.521118 287.618420 419.985235 294.792120 441.915472 223.061547 418.451355 215.887846 11 0.782252
243.607251 246.563012 248.558321 274.641925 316.927141 262.586657 311.976072 234.507745 12 0.754235
154.122408 15.547277 104.800261 17.269644 108.444316 121.621725 157.766463 119.899357 0 0.852161
47.105627 19.951775 0.831848 21.567691 4.400890 123.771680 50.674669 122.155764 0 0.826483
47.528575 19.551789 0.431429 21.196458 4.025891 124.128373 51.123037 122.483704 0 0.880200
218.528847 228.908011 195.002433 237.938955 219.062248 300.616915 242.588662 291.585971 11 0.757530
25.618063 268.823914 26.458390 316.966195 140.419841 314.976991 139.579514 266.834709 0 0.745043
153.801979 16.225995 105.264176 17.920973 108.863742 120.999052 157.401545 119.304075 0 0.866404
