10.444466 313.160158 19.544631 359.976447 134.873875 337.558713 125.773711 290.742424 1 0.716033
335.438169 73.959990 352.281621 75.730308 357.217222 28.771202 340.373770 27.000883 11 0.727287
95.874730 -13.350797 47.504423 -2.183632 72.001816 103.926237 120.372123 92.759072 0 0.722057
96.308475 -10.535147 48.230046 0.564633 72.010648 103.569735 120.089077 92.469955 0 0.899231
313.872390 53.025698 312.609877 71.080484 337.984968 72.854883 339.247482 54.800097 12 0.777838
95.853566 -10.674071 48.076191 0.356205 71.926711 103.664157 119.704086 92.633881 0 0.862910
96.245956 -11.531010 47.599528 -0.300097 71.695376 104.070486 120.341804 92.839573 0 0.875098
95.949684 -10.604403 48.119123 0.438152 71.924441 103.550311 119.755002 92.507756 0 0.868458
51.539010 1.845670 55.832226 20.441632 102.505722 9.666206 98.212506 -8.929755 8 0.700475
335.422236 74.271913 352.420975 76.058552 357.376301 28.911776 340.377562 27.125137 11 0.738034
313.347133 53.255722 312.104711 71.023185 338.142073 72.843895 339.384496 55.076431 12 0.755227
96.161786 -13.061138 47.438325 -1.812441 71.975992 104.471870 120.699453 93.223173 0 0.702107
96.046446 -10.558078 48.170759 0.494896 71.996045 103.693543 119.871731 92.640570 0 0.895987
