196.381113 253.370514 209.225922 301.307994 293.390350 278.756204 280.545541 230.818723 12 0.876060
-11.558894 246.107665 -10.711644 294.646602 93.582542 292.826140 92.735291 244.287203 0 0.858054
97.429407 244.231075 98.269654 292.368834 190.410414 290.760511 189.570166 242.622752 0 0.783343
122.065427 -38.680308 75.320029 -37.864364 76.867029 50.763222 123.612427 49.947278 0 0.778873
214.618526 58.389473 221.908592 77.380743 263.290348 61.495775 256.000283 42.504505 12 0.839725
-11.999225 246.289066 -11.160396 294.345582 94.366775 292.503599 93.527946 244.447082 0 0.833650
-11.628716 246.295672 -10.788709 294.419623 93.573862 292.597967 92.733855 244.474017 0 0.875318
122.627334 -38.863525 74.413476 -38.021949 75.958421 50.487902 124.172279 49.646326 0 0.828650
396.371409 52.703294 390.891059 64.455942 418.982906 77.555385 424.463256 65.802737 12 0.838188
318.571070 244.905840 318.294552 260.747587 352.760403 261.349191 353.036922 245.507444 12 0.700422
174.536446 -30.542033 126.681849 -29.706728 128.084765 50.666275 175.939362 49.830970 0 0.821283
97.116715 244.225827 97.947123 291.799866 188.724345 290.215344 187.893937 242.641305 0 0.817955
97.851355 244.143759 98.683845 291.837113 188.200780 290.274589 187.368289 242.581235 0 0.733905
122.580277 -38.080253 74.651924 -37.243661 76.187893 50.751929 124.116246 49.915337 0 0.822557
-11.878678 246.297495 -11.035998 294.574642 93.833370 292.744140 92.990690 244.466993 0 0.871860
