374.945480 47.586539 370.915151 60.769150 401.276006 70.051394 405.306334 56.868784 12 0.765558
374.683691 47.554142 370.628359 60.818534 401.043173 70.117276 405.098505 56.852884 12 0.811549
242.007540 11.549936 225.396445 15.691547 239.368216 71.729260 255.979311 67.587649 11 0.732938
193.012643 68.770833 202.624856 86.848775 242.053918 65.883971 232.441705 47.806028 12 0.861176
-15.592180 264.144852 -9.121976 310.182746 95.559973 295.470658 89.089769 249.432764 0 0.836378
-8.105087 313.362346 -1.902517 357.495927 98.513049 343.383439 92.310479 299.249858 0 0.797956
-9.595718 314.125320 -2.630431 358.102411 100.512105 341.766238 93.546818 297.789148 0 0.858242
375.065234 47.636994 371.034801 60.819947 401.196861 70.041414 405.227294 56.858461 12 0.752059
306.915750 244.989931 306.915750 260.588832 341.905322 260.588832 341.905322 244.989931 12 0.773992
-8.572004 314.503849 -1.661483 358.135162 99.205776 342.159358 92.295255 298.528044 0 0.828566
