98.100505 97.127477 145.067128 97.947282 146.785264 -0.484646 99.818641 -1.304452 0 0.889024
409.919307 55.676086 396.072398 88.297359 455.936097 113.707992 469.783005 81.086719 12 0.710837
364.293186 81.034885 382.563905 83.278247 388.552792 34.502677 370.282073 32.259315 11 0.748809
97.760781 97.383745 145.103284 98.210112 146.825852 -0.475746 99.483349 -1.302112 0 0.882981
409.215475 56.286472 395.708813 88.106176 455.450041 113.464823 468.956703 81.645119 12 0.761874
249.149088 62.789887 250.511766 75.754909 272.034852 73.492742 270.672174 60.527719 12 0.788300
106.359229 240.471974 106.359229 288.606840 189.660770 288.606840 189.660770 240.471974 0 0.714252
97.728274 97.700602 145.176689 98.528817 146.906844 -0.591695 99.458429 -1.419910 0 0.875249
68.560550 -1.043742 23.035618 -1.043742 23.035618 97.913988 68.560550 97.913988 0 0.818321
67.588870 0.075598 22.527901 0.075598 22.527901 97.208599 67.588870 97.208599 0 0.818382
