327.519610 245.184189 327.012197 259.714605 358.013610 260.797199 358.521023 246.266782 12 0.722222
93.323673 -6.972306 44.742510 -6.124319 46.564823 98.275913 95.145986 97.427926 0 0.886194
146.778033 -10.184868 97.386317 -9.322733 99.264066 98.253448 148.655782 97.391312 0 0.826602
15.559216 243.073428 15.559216 291.144229 129.961584 291.144229 129.961584 243.073428 0 0.901411
147.929106 -11.169035 98.551842 -11.169035 98.551842 97.767260 147.929106 97.767260 0 0.830114
15.081174 243.041103 15.081174 291.169248 130.260053 291.169248 130.260053 243.041103 0 0.907273
41.015901 -2.226558 -4.292215 -1.435702 -2.514953 100.383604 42.793163 99.592748 0 0.847336
188.027430 74.459443 198.654836 91.466849 229.409487 72.249210 218.782080 55.241804 12 0.703462
20.299204 243.235178 20.299204 289.979642 130.103583 289.979642 130.103583 243.235178 0 0.853975
147.818656 -11.077683 98.675264 -11.077683 98.675264 97.753425 147.818656 97.753425 0 0.827684
