-5.335826 296.952638 -3.690081 344.080636 94.539251 340.650392 92.893505 293.522394 0 0.765888
195.966006 254.221916 209.470537 301.317812 293.654381 277.178483 280.149850 230.082587 12 0.863398
-3.699456 295.594543 -2.876711 342.729545 96.042459 341.002904 95.219715 293.867902 0 0.834083
121.839613 -38.381479 75.037974 -37.564554 76.581269 50.850759 123.382908 50.033833 0 0.788872
396.187402 52.231120 390.624522 64.160754 419.305647 77.534982 424.868527 65.605348 12 0.836287
-3.893388 296.208749 -3.077896 342.928255 94.659124 341.222249 93.843632 294.502743 0 0.819689
7.471951 345.033394 8.295510 392.215067 114.444902 390.362223 113.621343 343.180549 0 0.702954
97.332435 243.987809 98.161549 291.487689 189.013080 289.901870 188.183966 242.401990 0 0.785144
211.601846 60.015593 218.589594 78.219298 263.163889 61.108829 256.176142 42.905124 12 0.860947
-13.238095 245.316102 -12.396957 293.504900 86.530218 291.778119 85.689079 243.589322 0 0.751918
173.154172 -28.631598 126.162603 -27.811357 127.530263 50.541857 174.521832 49.721616 0 0.825664
122.801032 -36.546498 74.941196 -36.546498 74.941196 50.015023 122.801032 50.015023 0 0.832762
78.381106 244.292996 68.018053 244.836101 70.486429 291.935530 80.849483 291.392426 8 0.722850
196.956980 254.143607 210.493184 301.349960 292.808051 277.746551 279.271848 230.540199 12 0.874022
97.672627 244.424599 98.504476 292.081229 190.389503 290.477370 189.557653 242.820740 0 0.800020
80.698860 293.292534 70.213175 293.658702 71.803595 339.202370 82.289280 338.836202 8 0.727811
