65.288179 -2.874405 19.686513 -2.874405 19.686513 98.319973 65.288179 98.319973 0 0.832859
93.993520 96.763018 140.665020 98.392822 144.115221 -0.408000 97.443721 -2.037805 0 0.890763
61.893616 289.625720 82.722019 289.989281 83.121544 267.100536 62.293141 266.736974 2 0.739460
219.597889 55.385185 230.043281 82.596361 286.609305 60.882699 276.163913 33.671523 12 0.817786
43.001852 342.901624 43.837632 390.783460 155.979908 388.826010 155.144127 340.944174 1 0.756683
207.553947 263.425315 216.537108 288.106348 265.528569 270.274914 256.545408 245.593881 12 0.809916
100.662508 240.428143 100.662508 288.648760 191.599783 288.648760 191.599783 240.428143 0 0.867390
207.167787 263.953621 216.676585 288.724886 265.955590 269.808448 256.446792 245.037183 12 0.851159
64.535592 -1.370241 19.906685 -1.370241 19.906685 97.501664 64.535592 97.501664 0 0.845718
143.762256 343.151172 130.892758 343.151172 130.892758 388.110109 143.762256 388.110109 8 0.750907
94.039821 96.713440 140.667079 98.341700 144.113531 -0.351782 97.486273 -1.980042 0 0.894543
64.523395 -2.171728 19.796806 -2.171728 19.796806 97.271003 64.523395 97.271003 0 0.745508
