237.005326 246.656342 242.917346 280.185072 319.491526 266.682978 313.579506 233.154248 12 0.795216
21.978538 243.270008 21.978538 291.084905 138.291993 291.084905 138.291993 243.270008 0 0.837575
50.180221 2.498007 4.376016 2.498007 4.376016 98.894371 50.180221 98.894371 0 0.876553
50.249698 2.495995 4.340133 2.495995 4.340133 98.983971 50.249698 98.983971 0 0.867933
237.051533 247.006466 242.883251 280.079780 319.602848 266.552045 313.771130 233.478731 12 0.857470
49.003808 2.240431 3.375846 3.036870 5.049023 98.893139 50.676985 98.096700 0 0.754335
106.589440 97.108551 155.466567 97.961704 157.285348 -6.236180 108.408220 -7.089334 0 0.855257
102.706224 -3.069382 54.275426 -3.069382 54.275426 97.327377 102.706224 97.327377 0 0.838591
386.655976 76.639964 404.284156 82.367707 422.104653 27.521856 404.476473 21.794113 11 0.747759
20.791700 243.122425 20.791700 291.166507 138.513332 291.166507 138.513332 243.122425 0 0.827466
