65.564579 -1.911396 19.625621 -1.911396 19.625621 98.173880 65.564579 98.173880 0 0.823589
62.237923 289.003464 83.296161 289.371036 83.689177 266.855174 62.630939 266.487601 2 0.744645
18.850716 97.310330 63.899464 98.096659 65.614993 -0.185894 20.566244 -0.972223 0 0.831952
219.641014 55.624169 229.986283 82.574515 286.170186 61.007536 275.824917 34.057189 12 0.821098
44.319299 342.317383 44.319299 388.166377 154.768068 388.166377 154.768068 342.317383 1 0.700849
207.346490 263.499583 216.259157 287.986934 265.601137 270.027922 256.688470 245.540571 12 0.806305
101.029513 240.598420 101.029513 288.628150 191.498900 288.628150 191.498900 240.598420 0 0.873052
207.062472 263.427240 216.070394 288.176301 265.885453 270.045102 256.877532 245.296041 12 0.854269
19.011751 97.043428 63.759581 97.824505 65.462699 0.252942 20.714869 -0.528134 0 0.839740
327.741505 -9.046132 304.140722 -9.046132 304.140722 71.727419 327.741505 71.727419 11 0.728500
64.775249 -1.435600 20.018156 -1.435600 20.018156 98.127158 64.775249 98.127158 0 0.711402
18.894002 97.270026 63.946496 98.056420 65.658496 -0.023956 20.606001 -0.810350 0 0.835163
