120.300676 -2.385473 72.658165 6.015187 89.866139 103.606457 137.508650 95.205797 0 0.850742
360.281245 292.084529 375.242437 292.345677 376.069577 244.958882 361.108384 244.697733 11 0.712309
119.782050 -1.967924 72.452438 6.377563 89.792345 104.717062 137.121957 96.371575 0 0.775080
116.514991 267.296277 95.448084 271.391269 100.119718 295.424738 121.186624 291.329747 2 0.709650
232.157257 64.279269 234.465765 78.854617 267.707740 73.589605 265.399232 59.014257 12 0.810760
116.126328 267.275877 95.392582 271.306109 99.972463 294.867555 120.706210 290.837323 2 0.702134
116.571924 267.455237 95.458651 271.559241 100.045890 295.158541 121.159163 291.054537 2 0.705837
43.455740 8.668230 -1.810723 16.649928 15.710646 116.018554 60.977110 108.036855 0 0.841405
44.015493 9.474614 -1.354969 17.474651 15.951116 115.622335 61.321578 107.622299 0 0.857956
120.052717 -2.701710 72.510230 5.681313 89.715650 103.258095 137.258137 94.875072 0 0.845370
