373.645859 301.490834 409.306923 309.723839 431.923263 211.761710 396.262199 203.528705 11 0.804945
64.388287 241.482046 64.388287 290.332386 186.750501 290.332386 186.750501 241.482046 0 0.735733
47.168320 265.262922 27.310399 265.609544 27.691830 287.461731 47.549752 287.115109 2 0.716053
309.666698 244.938972 309.666698 260.075364 338.006028 260.075364 338.006028 244.938972 12 0.755276
282.154027 -5.891977 259.323818 -2.683400 269.951517 72.936607 292.781726 69.728030 11 0.742489
17.822057 341.001009 17.822057 385.842020 122.645408 385.842020 122.645408 341.001009 1 0.785898
373.124966 299.827622 408.592176 308.670591 431.973787 214.892071 396.506577 206.049103 11 0.796191
108.849305 97.511098 158.080903 98.370439 159.958965 -9.223687 110.727368 -10.083027 0 0.725341
104.761375 -8.727278 56.931223 -8.727278 56.931223 97.254846 104.761375 97.254846 0 0.853584
109.094379 97.269252 158.030166 98.123430 159.889157 -8.378128 110.953370 -9.232305 0 0.859612
55.161101 96.032552 103.550244 97.722339 107.261000 -8.539819 58.871857 -10.229605 0 0.882861
56.216450 97.043785 103.942170 97.876841 105.798742 -8.486089 58.073022 -9.319145 0 0.823751
