173.589274 -25.129648 126.032669 -25.129648 126.032669 50.230680 173.589274 50.230680 0 0.727642
195.697871 254.883868 208.980947 301.207458 293.668299 276.923751 280.385224 230.600160 12 0.838301
97.325695 244.395618 98.159786 292.180647 190.470370 290.569360 189.636279 242.784331 0 0.767818
395.712538 52.243516 390.061715 64.361746 419.009209 77.860185 424.660033 65.741955 12 0.843383
121.038483 -36.736706 74.738219 -35.928532 76.264866 51.533040 122.565130 50.724866 0 0.757348
96.301609 244.362070 97.138756 292.322216 189.111216 290.716830 188.274068 242.756684 0 0.775351
271.605180 11.907855 256.015655 14.098820 263.493898 67.309288 279.083423 65.118323 11 0.752410
121.117433 -35.211771 73.168430 -34.374818 74.652681 50.657872 122.601685 49.820919 0 0.844683
196.510469 253.890737 209.189412 301.209196 292.979763 278.757639 280.300820 231.439180 12 0.871374
70.180680 -34.880107 24.310883 -34.079447 25.815822 52.138454 71.685619 51.337793 0 0.827398
121.440640 -35.543862 73.842080 -34.713026 75.339035 51.047448 122.937595 50.216612 0 0.821764
-10.560610 245.446208 -9.722629 293.454098 95.488635 291.617628 94.650654 243.609739 0 0.804617
213.534914 58.866330 221.118214 77.635655 263.584417 60.478196 256.001118 41.708871 12 0.854875
125.156954 245.154704 113.831686 245.748236 116.215885 291.241462 127.541152 290.647930 8 0.738716
173.310755 -25.038149 125.984307 -25.038149 125.984307 50.283324 173.310755 50.283324 0 0.728329
7.792161 345.290430 8.627643 393.155178 113.354936 391.327156 112.519454 343.462408 0 0.717698
