404.554101 277.113067 400.641207 297.243162 438.611371 304.623814 442.524265 284.493719 12 0.834452
98.155919 244.377936 98.989014 292.105933 190.751613 290.504211 189.918518 242.776214 0 0.819726
126.070694 49.660651 172.612302 50.473037 174.040647 -31.356770 127.499038 -32.169157 0 0.784696
72.638523 -35.608556 25.738853 -35.608556 25.738853 51.539779 72.638523 51.539779 0 0.807421
80.192725 293.158123 69.652172 293.710530 72.044529 339.359426 82.585082 338.807019 8 0.717675
79.066621 244.234909 68.328568 244.609890 69.977244 291.821807 80.715298 291.446826 8 0.743839
126.001945 49.527171 172.576003 50.340125 174.005995 -31.584054 127.431937 -32.397007 0 0.791739
123.194741 -36.944903 76.087461 -36.944903 76.087461 50.581362 123.194741 50.581362 0 0.797245
122.213585 -37.078169 74.951108 -36.253200 76.476247 51.121947 123.738724 50.296977 0 0.802094
-10.960894 246.415092 -10.116928 294.765916 92.229957 292.979445 91.385990 244.628620 0 0.869549
122.010888 -37.204644 74.605214 -36.377175 76.130239 50.991467 123.535913 50.163998 0 0.826093
-11.257616 246.206380 -10.409411 294.800047 93.080596 292.993622 92.232391 244.399955 0 0.819401
200.068647 77.198610 204.337610 93.130599 235.980289 84.651969 231.711326 68.719980 12 0.845902
125.403345 245.100071 114.312304 245.487379 115.901913 291.007817 126.992953 290.620509 8 0.713992
