246.074909 246.395441 251.164289 275.258748 316.656526 263.710699 311.567146 234.847393 12 0.873776
221.156611 230.950699 197.391121 239.600630 219.038323 299.075828 242.803812 290.425897 11 0.761927
220.769502 230.349998 196.904675 239.036085 218.901940 299.473076 242.766768 290.786989 11 0.841489
24.731646 265.663141 24.731646 314.151311 141.121377 314.151311 141.121377 265.663141 0 0.889436
115.930944 120.343242 164.483888 122.038748 168.116943 18.001663 119.563999 16.306157 0 0.777116
10.493436 118.251072 58.247075 119.918666 61.828335 17.364812 14.074695 15.697218 0 0.903474
116.190341 120.731321 164.570713 122.420801 168.221933 17.863535 119.841561 16.174055 0 0.899227
62.800951 119.253036 111.481953 120.953014 115.061649 18.443933 66.380647 16.743955 0 0.866897
62.289490 118.928855 111.348131 120.642021 114.913906 18.531581 65.855265 16.818416 0 0.887021
10.279761 118.457221 57.830272 120.117721 61.407751 17.672132 13.857240 16.011632 0 0.897564
