196.419862 254.150501 208.904658 300.744394 292.473858 278.352094 279.989062 231.758202 12 0.757140
-5.307162 296.121936 -4.491855 342.830848 94.587629 341.101409 93.772322 294.392497 0 0.834530
72.244173 -36.849587 25.380741 -36.031583 26.905226 51.306068 73.768657 50.488064 0 0.779772
-12.897906 246.893908 -12.067358 294.476007 91.897069 292.661301 91.066521 245.079202 0 0.868755
122.143707 -37.210591 75.445910 -36.395478 76.945453 49.513251 123.643249 48.698138 0 0.785548
317.718564 244.176128 317.423352 261.088781 351.687818 261.686869 351.983029 244.774216 12 0.724147
-13.111121 246.706736 -12.275532 294.577607 92.820768 292.743144 91.985179 244.872274 0 0.884886
96.623280 244.194132 97.458584 292.048684 188.441934 290.460564 187.606629 242.606011 0 0.815948
396.498754 52.718063 390.963468 64.588523 418.728210 77.535435 424.263496 65.664974 12 0.830878
-12.993645 246.513858 -12.151947 294.734716 92.158212 292.913976 91.316514 244.693117 0 0.872914
126.798576 50.186079 174.588786 51.020260 175.926727 -25.630346 128.136518 -26.464527 0 0.723718
-5.397089 296.250078 -4.584208 342.820005 94.595499 341.088816 93.782618 294.518890 0 0.849516
-4.734025 296.762670 -3.107579 343.338001 95.335675 339.900287 93.709229 293.324956 0 0.704450
212.808867 59.687580 220.123530 77.792005 264.261795 59.958988 256.947133 41.854563 12 0.859991
16.903719 219.655546 -4.514363 220.403482 -3.710420 243.425408 17.707663 242.677472 2 0.710127
4.682959 345.759888 6.296042 391.952540 103.385275 388.562110 101.772192 342.369457 0 0.700554
