189.113981 70.996770 199.740793 90.982897 225.777941 77.138700 215.151129 57.152574 12 0.717342
63.217659 119.275416 112.628353 121.000876 116.174156 19.462372 66.763461 17.736913 0 0.848962
26.442818 265.378160 26.442818 313.751820 142.130982 313.751820 142.130982 265.378160 0 0.896436
400.330851 290.109452 424.064240 297.365477 446.464219 224.098446 422.730830 216.842421 11 0.792290
63.633748 118.532540 112.379497 120.234779 115.863862 20.455623 67.118113 18.753384 0 0.823725
116.859249 120.172230 165.831200 121.882369 169.386011 20.085909 120.414060 18.375771 0 0.900811
26.657486 265.451584 26.657486 313.944703 142.162295 313.944703 142.162295 265.451584 0 0.905819
25.809319 265.122190 25.809319 314.127266 141.634049 314.127266 141.634049 265.122190 0 0.778955
11.809966 119.279583 59.452907 120.111194 61.210934 19.393866 13.567993 18.562255 0 0.894235
25.414507 264.840741 25.414507 314.634436 141.434852 314.634436 141.434852 264.840741 0 0.836214
