20.306807 97.843787 67.040559 98.659528 68.794680 -1.833967 22.060928 -2.649707 0 0.810793
95.838218 97.167240 143.070490 98.816628 146.617205 -2.748005 99.384933 -4.397392 0 0.871431
48.371172 343.919097 49.176810 390.074039 158.452746 388.166620 157.647108 342.011678 1 0.785433
205.758292 264.112065 214.725432 288.749079 264.921427 270.479230 255.954288 245.842217 12 0.805169
64.463224 289.709863 85.438084 290.442321 86.246367 267.296110 65.271508 266.563652 2 0.733910
103.189749 240.692000 103.189749 288.549363 191.615048 288.549363 191.615048 240.692000 0 0.818014
205.750194 264.190552 214.647323 288.635213 264.661919 270.431389 255.764790 245.986728 12 0.856005
312.732251 301.380128 351.277208 302.726148 354.563545 208.617753 316.018589 207.271734 11 0.801825
95.955447 97.630797 143.115997 98.453987 144.885832 -2.939796 97.725282 -3.762986 0 0.760479
48.116738 343.843254 48.923211 390.046017 158.587698 388.131816 157.781226 341.929053 1 0.810937
20.604719 97.504490 66.469010 98.305054 68.202798 -1.023609 22.338507 -1.824173 0 0.822881
95.852481 97.083519 143.116074 98.734000 146.655824 -2.631168 99.392231 -4.281649 0 0.875078
