-4.479085 341.859113 -4.479085 387.419501 98.413649 387.419501 98.413649 341.859113 1 0.708901
82.539192 96.596139 130.898829 98.284895 134.544248 -6.106241 86.184611 -7.794997 0 0.818986
136.806246 97.912955 184.754364 98.749893 186.512302 -1.962333 138.564184 -2.799271 0 0.754437
97.387941 293.520288 98.245640 342.657848 188.507646 341.082319 187.649946 291.944759 1 0.715796
31.184132 95.146395 78.988002 96.815743 82.625070 -7.336244 34.821199 -9.005592 0 0.843320
217.931721 69.646314 220.858239 86.243427 257.477736 79.786421 254.551218 63.189309 12 0.828319
384.849676 270.841945 381.146199 294.224781 433.536264 302.522552 437.239741 279.139716 12 0.866706
135.607808 97.633783 184.160453 99.329279 187.644384 -0.437443 139.091738 -2.132938 0 0.749604
98.810583 337.054913 98.810583 384.925246 188.246384 384.925246 188.246384 337.054913 1 0.700632
-4.126766 341.842923 -4.126766 387.534507 98.029008 387.534507 98.029008 341.842923 1 0.712127
217.957905 69.636750 220.874966 86.180221 257.486669 79.724590 254.569609 63.181119 12 0.814346
