196.707488 253.655115 209.387203 300.976454 292.726245 278.645825 280.046531 231.324486 12 0.755421
196.389028 254.047547 210.118673 301.928509 294.001944 277.875368 280.272299 229.994406 12 0.871212
-10.122653 245.391239 -9.277507 293.809633 93.489312 292.015832 92.644166 243.597438 0 0.712905
120.678486 -37.546312 73.993435 -35.916034 77.050912 51.638664 123.735963 50.008386 0 0.770841
396.043178 52.433237 390.138019 64.540608 418.343216 78.297202 424.248376 66.189831 12 0.832623
72.010040 -37.488677 24.631251 -36.661677 26.180703 52.106356 73.559492 51.279357 0 0.795284
71.828193 -37.371928 24.609477 -36.547723 26.166606 52.660179 73.385323 51.835973 0 0.795799
71.173180 -36.671054 24.335821 -35.853504 25.875955 52.380728 72.713314 51.563179 0 0.815084
271.840835 12.489130 256.619733 14.628316 263.988913 67.062758 279.210016 64.923572 11 0.743922
-13.170125 244.965701 -12.328694 293.171230 86.957643 291.438181 86.116213 243.232652 0 0.762179
71.936050 -36.983622 24.884938 -36.162342 26.427396 52.205065 73.478509 51.383785 0 0.796941
80.156998 292.907348 69.750906 293.270737 71.354649 339.195917 81.760741 338.832528 8 0.719323
122.099910 -36.450678 74.540748 -35.620530 76.054225 51.086528 123.613388 50.256380 0 0.810159
96.550054 244.127364 97.389049 292.193351 188.892655 290.596150 188.053660 242.530162 0 0.817263
