90.292984 -4.026278 47.684522 10.644992 77.991015 98.661438 120.599477 83.990167 0 0.885620
138.844812 -19.242489 94.999378 -4.145295 125.351304 84.003099 169.196739 68.905905 0 0.861021
17.563586 19.405052 -26.613062 34.616292 4.147359 123.951041 48.324006 108.739801 0 0.824119
105.774355 295.875705 121.645226 339.480567 194.247063 313.055659 178.376191 269.450798 1 0.852713
236.560496 249.105901 221.660568 250.935382 227.602507 299.328597 242.502436 297.499116 11 0.741685
343.503528 289.311286 357.685620 289.806535 359.233254 245.488091 345.051162 244.992841 11 0.714253
139.165736 -19.597776 94.888442 -4.351881 125.400944 84.262858 169.678238 69.016963 0 0.839427
91.543412 -4.565654 48.068417 9.560228 77.069324 98.815843 120.544319 84.689961 0 0.853071
90.541902 -4.255298 47.630666 10.520226 78.004596 98.732525 120.915832 83.957002 0 0.875603
343.702297 289.589629 357.787233 290.081486 359.398978 243.927162 345.314041 243.435306 11 0.725008
315.892375 75.355333 331.206501 75.890114 332.679318 33.714153 317.365192 33.179372 11 0.719317
130.759168 261.455083 110.834056 264.255375 113.957085 286.476881 133.882197 283.676589 2 0.707535
