196.072475 255.611861 209.326607 301.834511 292.962115 277.852415 279.707983 231.629765 12 0.822005
66.615830 -36.962180 20.042121 -35.335790 23.162906 54.031780 69.736614 52.405390 0 0.807349
97.295852 245.107248 98.962029 292.820313 190.470320 289.624773 188.804143 241.911708 0 0.729085
-4.514163 297.086320 -3.699545 343.755792 96.295835 342.010367 95.481216 295.340894 0 0.768461
196.870567 254.800822 210.222803 301.365605 292.311514 277.827046 278.959277 231.262263 12 0.872390
-11.701193 247.207687 -10.855131 295.678572 95.026518 293.830401 94.180455 245.359516 0 0.855580
66.434724 -35.898037 20.737710 -34.302262 23.843425 54.633767 69.540439 53.037992 0 0.725879
6.658044 346.586106 8.358211 395.272516 115.621309 391.526806 113.921142 342.840396 0 0.755432
168.281346 -28.701112 120.978571 -27.049263 123.711629 51.215278 171.014404 49.563429 0 0.795681
196.776753 255.099969 209.981195 301.149329 292.621100 277.452718 279.416659 231.403357 12 0.879697
-11.262596 247.226127 -10.423000 295.326573 94.661791 293.492311 93.822194 245.391865 0 0.859285
167.995837 -30.151445 120.593124 -27.667174 124.763359 51.905642 172.166072 49.421371 0 0.736926
395.225388 52.135563 389.445309 63.986481 417.461568 77.650924 423.241647 65.800006 12 0.824882
67.286684 -37.090905 20.520723 -35.457802 23.616096 53.182076 70.382057 51.548973 0 0.817744
-4.711164 297.825046 -3.057335 345.184537 95.131312 341.755714 93.477482 294.396223 0 0.776882
