93.383440 96.341877 140.852853 97.999546 144.363867 -2.542736 96.894453 -4.200404 0 0.869938
247.351692 63.924537 248.607416 75.871952 272.129261 73.399707 270.873537 61.452291 12 0.769514
43.381719 341.936801 43.381719 389.099922 155.737879 389.099922 155.737879 341.936801 1 0.728677
410.495518 56.611314 397.681887 86.798337 453.328450 110.418902 466.142081 80.231879 12 0.731357
65.235744 -0.864774 19.551827 -0.864774 19.551827 98.263093 65.235744 98.263093 0 0.825977
93.521568 96.269132 140.723636 97.917465 144.239927 -2.775913 97.037859 -4.424245 0 0.890362
92.895601 96.595078 140.701330 98.264490 144.253624 -3.459910 96.447896 -5.129323 0 0.873267
93.553921 96.321868 140.754394 97.970145 144.272298 -2.769428 97.071824 -4.417705 0 0.893370
44.480146 290.993895 44.480146 340.459514 159.769570 340.459514 159.769570 290.993895 1 0.852352
246.436913 40.235383 231.665197 42.574993 238.633186 86.569141 253.404902 84.229531 11 0.717473
94.246912 97.114569 141.421653 97.938007 143.179628 -2.776295 96.004887 -3.599733 0 0.814368
101.210023 240.715623 101.210023 289.001737 195.372395 289.001737 195.372395 240.715623 0 0.788608
