98.373230 240.193249 98.373230 289.221411 191.408742 289.221411 191.408742 240.193249 0 0.874000
139.294828 342.800359 126.481650 342.800359 126.481650 388.053548 139.294828 388.053548 8 0.775406
87.262944 97.273651 136.131696 98.980185 139.761599 -4.966644 90.892847 -6.673179 0 0.861601
207.029162 262.732441 216.632043 289.116141 269.320174 269.939230 259.717293 243.555530 12 0.851914
98.227377 240.074602 98.227377 289.243797 191.512712 289.243797 191.512712 240.074602 0 0.861369
87.677036 97.971735 136.025895 99.660114 139.644730 -3.969759 91.295871 -5.658138 0 0.787534
325.282938 302.145754 366.788494 305.048105 373.366967 210.971557 331.861411 208.069205 11 0.812898
207.130843 262.137706 216.263192 288.659972 269.529860 270.318788 260.397511 243.796521 12 0.834125
98.365370 240.824138 98.365370 288.688622 193.874973 288.688622 193.874973 240.824138 0 0.735204
40.481305 290.409956 40.481305 339.751142 158.148340 339.751142 158.148340 290.409956 1 0.706727
97.711869 240.272096 97.711869 288.745981 191.088115 288.745981 191.088115 240.272096 0 0.876192
