-15.062284 254.928671 -11.706468 302.919076 95.414457 295.428451 92.058641 247.438046 0 0.866286
95.826378 245.480363 99.092242 292.184387 195.687873 285.429762 192.422009 238.725738 0 0.744750
46.101809 -33.078912 -0.584490 -28.994390 7.135643 59.247128 53.821942 55.162606 0 0.749157
149.111424 -35.802364 101.762748 -32.491422 107.631455 51.434994 154.980130 48.124052 0 0.791746
94.605957 245.819496 98.708065 292.706809 192.883853 284.467496 188.781745 237.580182 0 0.723337
94.181386 245.955947 98.286561 292.878309 192.585111 284.628255 188.479936 237.705893 0 0.785054
-8.325305 305.733783 -4.277988 351.994830 100.085120 342.864241 96.037803 296.603194 0 0.817451
385.240414 273.776194 382.416955 293.866146 427.802603 300.244683 430.626062 280.154731 12 0.823711
-13.667184 254.844529 -10.293312 303.093140 94.132867 295.790950 90.758996 247.542339 0 0.878592
-13.775395 254.803078 -10.421616 302.764362 94.141494 295.452597 90.787714 247.491313 0 0.890638
-13.702762 255.199764 -10.377537 302.752707 91.591814 295.622315 88.266588 248.069372 0 0.719709
