385.761629 296.735999 402.608437 298.209904 406.900286 249.153843 390.053478 247.679938 11 0.708172
402.577712 54.946295 391.052709 84.969954 450.671546 107.855482 462.196549 77.831822 12 0.830679
402.523149 54.576796 390.660495 85.480066 451.208512 108.722272 463.071166 77.819002 12 0.702107
361.419731 76.665747 376.959116 78.299002 381.253001 37.445420 365.713616 35.812164 11 0.726133
36.917343 95.953098 82.542764 97.546373 86.021634 -2.075452 40.396213 -3.668727 0 0.864446
37.077673 95.807016 82.420496 97.390422 85.886950 -1.875841 40.544127 -3.459247 0 0.831930
361.413821 76.871392 376.921054 78.501268 381.243515 37.375800 365.736282 35.745925 11 0.720306
284.806901 245.184774 272.031666 246.078105 275.278674 292.512471 288.053908 291.619139 11 0.757914
36.920386 95.649546 82.556268 97.243186 86.018690 -1.907617 40.382808 -3.501257 0 0.861816
36.882636 95.651716 81.715408 97.217311 85.103649 0.190790 40.270877 -1.374805 0 0.842353
