119.498253 -40.853465 70.345059 -30.405631 87.318498 49.448124 136.471692 39.000290 0 0.715940
300.584433 245.603039 300.871916 262.072906 335.142686 261.474708 334.855203 245.004840 12 0.734330
-0.758022 320.459780 8.317647 363.157447 110.714274 341.392372 101.638604 298.694706 0 0.880282
301.103940 245.359843 301.385571 261.494498 334.670909 260.913501 334.389277 244.778845 12 0.709212
23.147882 363.688271 33.288050 407.610165 137.905063 383.457425 127.764895 339.535530 0 0.745667
63.464608 -34.737727 15.905981 -23.757953 35.380365 60.594871 82.938992 49.615097 0 0.769324
189.404138 71.645221 199.452708 89.049854 235.912376 67.999855 225.863806 50.595222 12 0.838538
24.167144 364.174236 34.214042 407.692133 135.387994 384.334285 125.341096 340.816389 0 0.750137
-0.813443 320.559006 8.201758 362.972193 110.819371 341.160146 101.804169 298.746959 0 0.886673
-13.632331 270.386486 -5.402425 317.060599 101.322213 298.242166 93.092308 251.568053 0 0.851405
-13.714070 270.529722 -5.497950 317.125654 101.433278 298.270793 93.217158 251.674862 0 0.834930
89.218275 249.847691 99.052342 296.113337 191.086299 276.550916 181.252232 230.285270 1 0.747119
