100.881034 240.398536 100.881034 288.683744 191.660888 288.683744 191.660888 240.398536 0 0.855713
94.352903 96.187777 141.378860 97.829960 144.829538 -0.984510 97.803580 -2.626693 0 0.892806
131.434794 388.189595 144.856694 388.423875 145.648999 343.032783 132.227099 342.798503 8 0.712194
315.623818 302.182694 354.639938 304.227442 359.664301 208.356874 320.648182 206.312126 11 0.747017
46.683472 291.208548 46.683472 340.515968 160.023144 340.515968 160.023144 291.208548 1 0.709608
206.842307 264.189196 216.197597 288.560561 265.219928 269.742651 255.864638 245.371287 12 0.805521
65.085807 0.752492 19.157910 1.554167 20.863471 99.265677 66.791368 98.464002 0 0.814980
206.605665 264.203268 216.037509 288.774060 265.522592 269.778517 256.090748 245.207724 12 0.850331
94.395122 96.155286 141.393615 97.796509 144.840896 -0.920703 97.842403 -2.561927 0 0.896217
64.581332 1.830439 19.396749 2.619139 21.074841 98.756960 66.259424 97.968260 0 0.826723
94.720585 97.040804 141.726002 97.861287 143.459567 -1.454569 96.454150 -2.275052 0 0.726238
45.713992 291.014990 45.713992 340.477901 160.887814 340.477901 160.887814 291.014990 1 0.864692
