196.303160 253.813043 210.191616 302.247844 293.929731 278.236325 280.041276 229.801525 12 0.874495
196.361784 254.263702 209.994401 301.806288 292.937087 278.022856 279.304470 230.480270 12 0.775100
97.867244 244.259729 98.703037 292.142283 190.256643 290.544209 189.420850 242.661655 0 0.768641
396.182210 52.040350 390.258525 64.185704 419.033986 78.220434 424.957671 66.075080 12 0.826079
121.203967 -35.445215 73.888347 -33.792917 76.907552 52.665811 124.223172 51.013513 0 0.734146
71.593008 -36.600237 24.200102 -35.772991 25.731749 51.975007 73.124655 51.147761 0 0.781685
16.950866 219.783194 -5.338202 220.561546 -4.506391 244.381489 17.782677 243.603138 2 0.713656
213.140337 58.275101 220.175866 77.605058 262.682731 62.133824 255.647202 42.803867 12 0.791726
175.209658 -26.209845 126.889967 -26.209845 126.889967 50.680950 175.209658 50.680950 0 0.787340
173.806306 -25.659551 125.965304 -24.824483 127.289363 51.030837 175.130366 50.195769 0 0.838496
-13.176435 245.257201 -12.344827 292.900013 87.904743 291.150150 87.073135 243.507338 0 0.760845
174.790618 -24.749115 126.645265 -24.749115 126.645265 50.298376 174.790618 50.298376 0 0.751189
272.100271 12.872065 256.537574 15.059260 263.800061 66.734541 279.362758 64.547346 11 0.702049
271.686020 12.356893 256.640511 14.471401 264.056599 67.239609 279.102108 65.125101 11 0.759158
197.169568 253.736207 210.826536 301.363714 292.597091 277.916385 278.940123 230.288877 12 0.875135
70.675789 -35.398890 24.076695 -34.585500 25.593218 52.296060 72.192313 51.482670 0 0.795468
-10.616400 245.544883 -9.781057 293.401636 94.018272 291.589812 93.182930 243.733059 0 0.755943
