17.704585 272.578658 37.005265 287.122764 53.149869 265.698151 33.849189 251.154045 2 0.793338
320.265284 67.784540 335.512816 68.316995 337.218239 19.480055 321.970707 18.947599 11 0.729513
19.096976 328.837517 55.077553 353.106722 107.054414 276.047857 71.073837 251.778652 0 0.900751
67.608421 102.481767 105.081026 127.757358 161.013450 44.834130 123.540845 19.558538 0 0.873659
67.695941 102.964546 104.508679 127.795052 160.284568 45.103896 123.471830 20.273390 0 0.888207
66.847807 102.636104 104.913237 128.311561 160.890924 45.321227 122.825494 19.645770 0 0.869750
69.067394 338.343460 59.839183 353.111684 97.200973 376.457921 106.429183 361.689697 8 0.708760
59.007073 351.919658 95.089868 377.185104 146.822988 303.302552 110.740192 278.037106 0 0.892274
125.247450 17.714983 115.231851 33.743291 149.677853 55.267542 159.693452 39.239234 8 0.740950
42.478650 378.482130 31.575409 395.930964 68.235966 418.839022 79.139207 401.390188 8 0.708818
19.222628 330.848224 55.092903 354.142652 106.069039 275.646286 70.198764 252.351857 0 0.714295
17.816608 272.908751 37.691598 287.348777 53.447958 265.662008 33.572968 251.221982 2 0.763743
