113.861830 165.608958 162.403437 176.815671 184.922604 79.274441 136.380998 68.067728 1 0.725010
118.394985 379.874972 162.900428 390.149863 183.127427 302.537104 138.621984 292.262213 1 0.759247
118.348861 380.003948 161.699442 390.012219 181.875744 302.619055 138.525162 292.610785 1 0.724367
78.940945 348.510565 75.189456 367.810299 116.029044 375.748711 119.780533 356.448977 8 0.824753
377.487345 265.425347 372.820731 287.380040 430.633913 299.668611 435.300527 277.713918 12 0.858861
78.281145 348.845799 74.636292 367.596938 115.568338 375.553322 119.213190 356.802182 8 0.832557
74.349317 367.914107 117.467028 377.079059 135.400111 292.710538 92.282399 283.545586 0 0.905510
119.223769 381.540745 163.598251 390.972832 182.547291 301.824608 138.172809 292.392521 1 0.785496
117.816436 379.455755 162.463843 389.763421 182.634133 302.396299 137.986726 292.088633 1 0.856815
67.755371 155.563662 114.259485 165.448417 135.072167 67.532448 88.568052 57.647693 1 0.850239
