86.342548 378.850755 130.611156 379.623466 132.156149 291.110859 87.887541 290.338148 0 0.892621
131.208113 70.683207 85.039019 70.683207 85.039019 170.280585 131.208113 170.280585 0 0.898300
131.056017 381.564122 177.047696 383.170187 180.206986 292.699967 134.215306 291.093902 1 0.761540
39.750548 364.332790 39.750548 382.979031 82.225764 382.979031 82.225764 364.332790 8 0.802735
39.897358 364.205745 39.897358 382.760680 82.185255 382.760680 82.185255 364.205745 8 0.825520
130.801249 290.766017 86.531139 290.766017 86.531139 378.991118 130.801249 378.991118 0 0.815839
83.882114 290.581452 39.507485 290.581452 39.507485 381.817922 83.882114 381.817922 0 0.872562
85.042417 71.775659 37.267355 71.775659 37.267355 170.253161 85.042417 170.253161 1 0.802798
39.873595 364.940785 39.873595 383.385163 82.184901 383.385163 82.184901 364.940785 8 0.785947
83.952508 169.981906 131.154924 170.805827 132.912349 70.123021 85.709933 69.299100 0 0.873095
218.325342 302.553150 234.640659 325.853837 284.678525 290.816946 268.363208 267.516259 12 0.829879
83.091055 169.646114 130.327062 170.470622 132.074446 70.363052 84.838439 69.538544 0 0.900961
