7.954904 363.186242 8.260340 380.684640 50.852502 379.941191 50.547066 362.442793 8 0.787329
51.833963 288.872215 7.725974 289.642123 9.318406 380.872493 53.426395 380.102585 0 0.854979
150.546118 69.351900 103.840960 69.351900 103.840960 169.558451 150.546118 169.558451 0 0.890478
105.148406 69.597861 105.473732 88.235799 150.978311 87.441513 150.652985 68.803576 8 0.775186
99.551454 288.485218 54.899701 289.264617 56.469874 379.219757 101.121626 378.440358 0 0.737734
340.741205 263.699103 339.130361 282.111135 383.589766 286.000829 385.200610 267.588797 12 0.768310
52.228719 68.193277 2.078167 69.068658 3.802329 167.845838 53.952881 166.970457 1 0.843395
99.347139 69.100920 51.492421 70.772044 54.958741 170.034463 102.813459 168.363339 0 0.902522
52.095652 67.108638 2.283362 67.978115 4.037745 168.486664 53.850035 167.617187 1 0.718693
55.988736 357.571017 56.355373 378.575623 98.582023 377.838554 98.215386 356.833948 8 0.865855
7.961013 363.121774 8.271921 380.933671 51.012868 380.187625 50.701960 362.375728 8 0.750907
100.754797 68.466751 52.841956 69.303073 54.607982 170.478653 102.520823 169.642331 0 0.821826
