86.377795 379.081917 130.684672 379.855297 132.232909 291.156817 87.926033 290.383437 0 0.891698
131.271631 70.409046 84.907676 70.409046 84.907676 170.414067 131.271631 170.414067 0 0.898689
84.521294 71.426111 37.101233 71.426111 37.101233 170.819168 84.521294 170.819168 1 0.892127
87.272810 359.289946 87.272810 380.454322 130.342695 380.454322 130.342695 359.289946 8 0.806646
86.855157 359.454334 86.855157 380.652830 130.188191 380.652830 130.188191 359.454334 8 0.767497
88.712423 69.950925 88.391704 88.324905 131.779612 89.082244 132.100331 70.708264 8 0.809774
83.830042 290.826334 39.786355 290.826334 39.786355 381.686450 83.830042 381.686450 0 0.876042
130.819470 291.009250 86.742527 291.009250 86.742527 379.213794 130.819470 379.213794 0 0.836322
85.041795 72.443594 37.715840 72.443594 37.715840 171.074029 85.041795 171.074029 1 0.835125
83.926511 170.028738 131.267714 170.855082 133.025502 70.151424 85.684299 69.325080 0 0.873989
218.601772 302.418174 234.936950 325.747226 284.639383 290.945208 268.304205 267.616156 12 0.837958
132.004507 380.746907 177.550460 381.541915 179.099067 292.822275 133.553114 292.027268 1 0.798880
131.953839 70.085113 84.844666 70.085113 84.844666 170.623157 131.953839 170.623157 0 0.891674
130.807005 381.345691 176.879387 382.954574 180.045075 292.301148 133.972693 290.692265 1 0.747783
