109.345035 102.449983 99.258466 123.130516 122.266208 134.352141 132.352777 113.671609 2 0.735743
44.173609 106.492755 85.107686 128.257790 133.662173 36.940080 92.728097 15.175046 0 0.859786
62.971713 349.993923 99.718572 370.363040 140.300782 297.150796 103.553922 276.781679 0 0.892169
24.145289 329.075080 60.078633 348.993257 100.763671 275.595504 64.830328 255.677327 0 0.777184
23.695708 331.366415 60.070492 350.707230 100.542662 274.590149 64.167878 255.249333 0 0.830166
63.090776 350.292802 99.896546 370.694573 140.676201 297.126128 103.870431 276.724357 0 0.913489
44.044120 107.060385 84.733959 128.695556 133.722525 36.561464 93.032685 14.926292 0 0.872438
24.784757 328.806426 60.247348 348.463661 100.726685 275.437005 65.264093 255.779770 0 0.736856
93.285945 7.524548 84.769088 25.789008 125.660830 44.857141 134.177688 26.592681 8 0.754039
62.984140 350.618769 100.132779 371.210596 141.349562 296.853551 104.200923 276.261724 0 0.831204
