56.709618 162.149290 104.281159 168.835034 118.388257 68.457817 70.816716 61.772073 1 0.827962
57.086104 160.697500 104.534875 167.365990 118.552648 67.624353 71.103877 60.955863 1 0.717139
72.574395 395.054799 71.169661 415.143431 112.779768 418.053093 114.184502 397.964461 8 0.717519
105.926724 166.848829 153.713400 174.417495 170.082408 71.067649 122.295731 63.498982 0 0.719904
32.943006 362.949173 75.230588 368.892305 87.173644 283.913044 44.886062 277.969912 0 0.894595
105.952524 166.296431 154.465767 173.114523 168.858501 70.704901 120.345258 63.886809 0 0.720144
32.589370 363.674250 74.201653 369.522475 86.329714 283.226831 44.717432 277.378606 0 0.888896
77.706333 369.729150 121.898224 375.939915 133.797584 291.271570 89.605693 285.060805 0 0.819160
33.544270 363.164576 74.912330 368.243935 85.405059 282.787515 44.036999 277.708156 0 0.897136
105.304477 167.036254 153.939588 174.739299 170.653510 69.211747 122.018399 61.508702 0 0.819518
