38.695283 374.020424 81.413177 375.512166 84.467732 288.041167 41.749837 286.549425 0 0.844487
93.313806 64.405357 92.964847 84.397226 140.251447 85.222617 140.600407 65.230748 8 0.817992
84.128048 373.246349 127.495162 374.760762 130.455216 289.995905 87.088102 288.481492 0 0.838267
40.315480 354.952585 40.315480 373.064967 80.687313 373.064967 80.687313 354.952585 8 0.817511
39.001527 372.545891 81.096342 374.015875 84.084315 288.451515 41.989500 286.981531 0 0.918453
87.861482 170.061260 136.350914 171.754548 140.109324 64.127785 91.619892 62.434497 0 0.789620
128.860404 377.686407 173.514784 379.245772 176.548007 292.385650 131.893626 290.826285 1 0.733487
84.721999 372.029580 128.275423 373.550499 131.172358 290.593118 87.618935 289.072199 0 0.874885
39.518983 373.163355 82.134055 373.907204 83.645197 287.333932 41.030125 286.590083 0 0.904381
87.377615 169.739614 136.440260 171.452920 140.148512 65.262486 91.085867 63.549180 0 0.822351
40.071960 373.016526 81.747110 373.743969 83.245539 287.899024 41.570389 287.171581 0 0.812715
8.204975 334.049127 31.874439 334.462279 32.349746 307.231974 8.680282 306.818822 2 0.745265
