32.968659 312.299027 24.563071 327.463110 59.341260 346.740975 67.746848 331.576891 8 0.761307
59.411382 101.715681 99.282219 126.629745 154.196962 38.747787 114.326124 13.833722 0 0.836162
23.038445 325.224160 58.559439 348.291763 106.085246 275.108438 70.564252 252.040834 0 0.912961
33.457634 312.794666 25.312350 328.113717 59.731611 346.414763 67.876895 331.095712 8 0.837927
59.496331 101.749641 99.261618 126.597751 155.172416 37.121770 115.407129 12.273661 0 0.832574
60.639217 102.052439 100.616880 126.073443 154.900527 35.730283 114.922864 11.709280 0 0.804040
59.623961 101.526821 99.885064 126.684750 153.845426 40.330120 113.584323 15.172191 0 0.787706
116.697980 5.579809 106.064254 23.277301 145.799849 47.152855 156.433575 29.455363 8 0.714002
61.324150 347.395608 96.450130 371.088380 144.524312 299.815474 109.398332 276.122701 0 0.905288
18.938320 273.902458 38.439566 287.056215 52.364610 266.411487 32.863364 253.257731 2 0.794208
115.109598 123.440873 134.953864 136.825999 149.689452 114.979591 129.845186 101.594465 2 0.744296
