56.925619 379.932183 103.992190 381.575784 107.163069 290.773682 60.096498 289.130081 1 0.832640
279.213646 263.904616 289.094018 296.221859 337.547403 281.408172 327.667030 249.090929 12 0.892307
273.755568 242.142329 256.785288 248.319005 274.891741 298.066077 291.862021 291.889401 11 0.712350
16.566043 71.140297 16.566043 89.120307 60.521530 89.120307 60.521530 71.140297 8 0.762895
278.814738 263.161985 288.829502 295.918803 338.015699 280.881074 328.000934 248.124256 12 0.854441
110.563362 159.990402 130.420468 160.683827 131.196475 138.461893 111.339369 137.768467 2 0.712706
109.896088 159.106419 130.149891 159.813697 130.904326 138.209517 110.650523 137.502238 2 0.753578
10.492678 382.431950 55.591471 384.006835 58.866723 290.215893 13.767930 288.641009 0 0.872762
67.066458 72.301885 67.066458 89.473704 108.966544 89.473704 108.966544 72.301885 8 0.735719
13.928096 166.485038 59.793740 168.086702 63.118641 72.874008 17.252997 71.272344 0 0.802949
10.443489 380.838798 55.700063 382.419193 58.906364 290.602755 13.649789 289.022360 0 0.890886
