125.640931 21.103010 114.498185 37.016500 148.981629 61.162068 160.124375 45.248578 8 0.777072
16.454649 375.929129 3.496443 394.435364 41.214204 420.845624 54.172409 402.339389 8 0.733709
35.272489 349.623200 70.837265 378.422988 129.982103 305.385196 94.417327 276.585408 0 0.916601
-1.447163 321.163009 32.637433 348.764171 91.947231 275.522670 57.862635 247.921508 0 0.909941
36.032664 349.463838 71.018838 377.795083 129.923441 305.053956 94.937267 276.722711 0 0.860514
16.389238 375.504049 3.198270 393.659858 40.449254 420.724282 53.640221 402.568473 8 0.716061
4.186175 263.981609 21.214108 278.269741 37.258360 259.148946 20.230427 244.860813 2 0.721253
29.054231 71.132593 62.816984 98.473132 120.839250 26.821600 87.076497 -0.518938 0 0.855015
8.295383 307.742711 -3.047161 323.941543 33.451694 349.498317 44.794238 333.299485 8 0.771194
127.947022 106.854013 114.017766 124.055211 132.549862 139.062206 146.479117 121.861008 2 0.731070
29.250635 71.405290 62.939448 98.685953 120.693671 27.365429 87.004857 0.084765 0 0.852548
127.911057 106.931564 114.135859 123.942516 132.705128 138.979613 146.480325 121.968661 2 0.744380
