20.361460 273.463738 40.573495 288.148641 56.523435 266.195432 36.311400 251.510529 2 0.828988
320.308485 67.445380 333.845385 67.918099 335.385697 23.809334 321.848797 23.336615 11 0.744399
22.205943 328.125012 57.934128 352.223977 109.245343 276.151972 73.517158 252.053007 0 0.901468
28.534659 76.887672 66.504271 101.545426 116.496792 24.563695 78.527180 -0.094059 0 0.847270
29.556354 77.876802 66.499797 101.868154 116.874242 24.298311 79.930799 0.306959 0 0.808217
23.121434 328.298896 58.726058 352.314518 109.530743 276.993475 73.926119 252.977853 0 0.856209
44.139206 379.019040 33.695223 397.108550 73.164763 419.896300 83.608746 401.806790 8 0.730578
81.053752 -9.031382 71.095363 8.217053 109.039492 30.124106 118.997881 12.875671 8 0.703663
60.958123 352.684295 97.761739 377.508648 148.521255 302.254572 111.717638 277.430219 0 0.876993
124.071044 16.798312 114.146599 32.680744 149.347130 54.676477 159.271575 38.794045 8 0.752178
23.921719 327.572020 58.274626 350.743348 107.961736 277.079179 73.608829 253.907850 0 0.899103
120.133686 125.479347 139.169950 138.808682 153.910366 117.757186 134.874103 104.427850 2 0.752421
