142.197292 288.565618 96.037783 289.371335 97.615291 379.746677 143.774800 378.940960 1 0.722557
142.196382 288.808553 96.040450 289.614208 97.615106 379.826188 143.771038 379.020533 1 0.849302
-1.300688 168.739128 48.650067 169.611022 50.393436 69.733450 0.442681 68.861556 1 0.838698
142.965430 289.056704 96.965860 289.056704 96.965860 379.919773 142.965430 379.919773 1 0.868528
143.197456 288.696303 96.831538 288.696303 96.831538 380.316175 143.197456 380.316175 1 0.847992
100.780069 69.669904 100.780069 88.373597 147.504853 88.373597 147.504853 69.669904 8 0.822057
98.059343 169.866287 146.366681 170.709495 148.117293 70.416994 99.809955 69.573786 0 0.877619
49.032924 290.481860 4.541214 290.481860 4.541214 380.645077 49.032924 380.645077 0 0.901218
95.282823 289.426936 50.747618 290.204301 52.297995 379.025295 96.833199 378.247930 0 0.906923
237.833557 283.278433 253.002292 314.378947 304.138705 289.438052 288.969970 258.337538 12 0.714622
98.820101 169.504712 145.345767 170.316820 147.069261 71.577959 100.543594 70.765851 0 0.880762
52.100950 68.550624 51.763972 87.856067 96.708957 88.640584 97.045935 69.335141 8 0.811945
48.182225 289.631499 3.443372 290.412419 5.040344 381.902926 49.779198 381.122007 0 0.872842
96.400625 289.328581 51.557077 289.328581 51.557077 380.054495 96.400625 380.054495 0 0.736128
-1.431350 167.366751 47.587107 168.222372 49.314318 69.270509 0.295861 68.414889 1 0.742567
