131.752245 70.314549 85.214469 70.314549 85.214469 170.667431 131.752245 170.667431 0 0.902714
131.976528 381.725280 176.750469 382.506812 178.310323 293.142810 133.536382 292.361278 1 0.805923
85.162010 72.239140 37.546974 72.239140 37.546974 170.909959 85.162010 170.909959 1 0.833821
40.312234 363.671741 40.312234 381.938168 82.103245 381.938168 82.103245 363.671741 8 0.824463
87.432870 359.287521 87.432870 380.124682 130.792415 380.124682 130.792415 359.287521 8 0.804774
131.699444 70.320374 84.922456 70.320374 84.922456 170.692642 131.699444 170.692642 0 0.903239
82.677695 290.215909 39.190644 290.974979 40.773420 381.652157 84.260471 380.893088 0 0.869663
88.718628 69.663074 88.392071 88.371508 131.804082 89.129267 132.130639 70.420833 8 0.816986
131.985700 381.461637 176.770453 382.243358 178.321923 293.359732 133.537170 292.578011 1 0.811602
181.366580 71.644376 134.817163 71.644376 134.817163 170.603385 181.366580 170.603385 0 0.700706
218.696654 302.806072 235.447723 325.861942 284.486135 290.233450 267.735065 267.177581 12 0.836924
88.341223 69.935993 88.023450 88.141237 131.888873 88.906911 132.206647 70.701667 8 0.831390
82.878233 290.110807 40.003726 290.110807 40.003726 380.519882 82.878233 380.519882 0 0.899384
84.643114 70.894718 37.258766 70.894718 37.258766 171.082092 84.643114 171.082092 1 0.870489
