167.177434 138.266789 146.713857 138.266789 146.713857 160.376226 167.177434 160.376226 2 0.742365
141.346432 288.565564 95.054680 289.373590 96.634309 379.870434 142.926061 379.062409 1 0.820892
191.075900 71.963772 216.123012 119.070540 285.920520 81.958547 260.873407 34.851779 12 0.725347
141.385038 288.380951 95.126078 289.188405 96.716544 380.306127 142.975504 379.498674 1 0.837780
3.453004 364.428405 3.453004 382.940359 46.378037 382.940359 46.378037 364.428405 8 0.787101
167.193790 137.910532 146.647140 137.910532 146.647140 160.690547 167.193790 160.690547 2 0.741383
52.128132 359.041113 52.488336 379.677190 94.145203 378.950066 93.784999 358.313990 8 0.827546
94.052212 289.469279 50.160343 290.235415 51.715034 379.303638 95.606904 378.537502 0 0.882910
51.564185 69.392295 51.240605 87.930167 95.777027 88.707553 96.100607 70.169682 8 0.825417
191.440493 73.545345 216.566566 118.873981 285.094126 80.888534 259.968053 35.559898 12 0.747561
98.313664 169.898718 143.836992 170.693330 145.552089 72.435524 100.028760 71.640912 0 0.843020
142.741915 288.691153 96.389685 288.691153 96.389685 378.880128 142.741915 378.880128 1 0.748040
100.504661 70.318162 100.504661 88.027532 146.339851 88.027532 146.339851 70.318162 8 0.806711
49.258373 169.929540 96.167453 170.748341 97.893095 71.886377 50.984015 71.067576 0 0.907255
49.116757 69.278619 -0.533135 69.278619 -0.533135 169.882275 49.116757 169.882275 1 0.865143
