69.844129 339.098722 60.405535 353.092014 97.196624 377.907917 106.635218 363.914625 8 0.785605
120.082765 125.498515 138.607950 138.469989 152.910811 118.043385 134.385627 105.071911 2 0.708709
398.436885 62.046452 386.105507 97.859375 441.291646 116.861486 453.623024 81.048563 12 0.859089
18.940853 271.189539 37.663363 285.817168 53.285106 265.822249 34.562595 251.194620 2 0.790311
20.031923 327.254949 55.515157 352.100577 107.886056 277.307181 72.402822 252.461553 0 0.795712
231.853099 293.665392 245.318757 316.076010 305.920909 279.662564 292.455251 257.251946 12 0.774753
68.449108 102.266895 104.736615 126.743127 158.540282 46.975911 122.252775 22.499678 0 0.706963
19.028389 271.940557 38.500181 286.613605 54.217260 265.756337 34.745468 251.083290 2 0.832630
30.139213 314.557824 20.397317 330.771061 57.056714 352.798248 66.798609 336.585012 8 0.862412
20.140966 328.124108 56.484143 352.637891 107.986730 276.282166 71.643553 251.768383 0 0.887085
20.141523 327.024901 55.526622 351.801814 107.727779 277.250836 72.342680 252.473923 0 0.804200
69.270208 103.448377 106.528858 127.644427 157.772369 48.736339 120.513720 24.540289 0 0.856232
41.783259 378.834135 30.882893 396.278367 68.951014 420.065969 79.851380 402.621737 8 0.730780
19.262712 271.557562 38.558809 286.098214 54.097352 265.477872 34.801255 250.937220 2 0.798031
68.715724 103.685871 105.693766 127.699692 158.731193 46.029217 121.753151 22.015395 0 0.880199
253.878903 60.015715 255.335748 80.849569 310.399319 76.999149 308.942474 56.165295 12 0.815623
68.924804 338.542564 59.298163 353.366291 97.696653 378.302563 107.323294 363.478835 8 0.727157
