255.242843 58.227786 256.745022 79.709954 310.099438 75.979049 308.597259 54.496881 12 0.844221
72.595160 332.841865 64.226215 346.234977 98.409669 367.595170 106.778614 354.202058 8 0.730185
335.323300 249.168509 337.964240 270.677235 365.594266 267.284695 362.953327 245.775968 12 0.748473
233.130224 292.703034 246.196769 315.334953 304.790814 281.505665 291.724269 258.873747 12 0.843376
24.550011 322.647087 58.202245 346.210635 107.567256 275.710092 73.915022 252.146545 0 0.837890
35.904159 250.216500 22.550635 269.287308 43.418680 283.899270 56.772203 264.828462 2 0.795525
22.888698 270.216749 41.907910 284.035016 56.486397 263.969449 37.467185 250.151183 2 0.803171
128.785084 4.657600 117.531739 22.666718 156.269948 46.873038 167.523294 28.863920 8 0.725097
63.637559 345.449950 98.200862 369.651434 146.177983 301.133004 111.614681 276.931519 0 0.861496
26.832206 72.715778 65.971556 98.133169 119.024747 16.438419 79.885397 -8.978972 0 0.840843
349.104299 91.212824 392.056178 98.786399 404.685897 27.159702 361.734019 19.586127 11 0.712966
67.595911 99.913687 106.845479 126.387855 163.960694 41.711067 124.711126 15.236899 0 0.732132
336.074449 249.366692 338.617617 270.079128 365.586056 266.767820 363.042889 246.055384 12 0.814972
27.135513 73.578882 65.759531 98.661613 119.441092 15.999257 80.817075 -9.083473 0 0.772170
24.183113 323.226550 58.048041 346.939027 108.470126 274.928827 74.605198 251.216349 0 0.916441
72.453585 333.229092 64.303721 346.271601 98.248098 367.482402 106.397962 354.439893 8 0.759153
