86.217478 379.247054 130.469586 380.019477 132.014537 291.509291 87.762429 290.736867 0 0.893236
83.194215 290.453959 40.177205 290.453959 40.177205 380.876570 83.194215 380.876570 0 0.894169
130.693367 381.044040 176.143565 382.631196 179.234519 294.117861 133.784321 292.530705 1 0.833889
40.474188 363.686211 40.474188 382.253576 82.370058 382.253576 82.370058 363.686211 8 0.796360
344.885381 262.833253 342.781359 282.851685 395.190018 288.360057 397.294040 268.341625 12 0.723943
40.468830 364.224573 40.468830 382.703232 82.254790 382.703232 82.254790 364.224573 8 0.846843
130.553646 291.476244 86.533234 291.476244 86.533234 379.211523 130.553646 379.211523 0 0.853273
182.274056 68.352271 135.020299 68.352271 135.020299 166.986279 182.274056 166.986279 0 0.753209
344.595726 263.496161 342.866072 283.266192 394.266554 287.763152 395.996208 267.993120 12 0.822834
132.036730 70.235246 84.701662 70.235246 84.701662 170.174672 132.036730 170.174672 0 0.899762
231.385484 -0.081298 200.550949 5.355662 216.313846 94.751491 247.148380 89.314531 11 0.758056
131.293685 380.818613 175.946239 382.377915 179.041587 293.738742 134.389033 292.179440 1 0.836822
