330.070896 250.825175 333.675348 269.368471 360.576907 264.139338 356.972456 245.596042 12 0.705446
330.049727 251.560518 333.408691 268.840887 360.344651 263.605066 356.985687 246.324698 12 0.811357
263.957799 270.057614 274.362402 302.079690 319.254519 287.493357 308.849916 255.471281 12 0.822445
26.282901 166.647548 72.910883 168.275833 76.280589 71.780058 29.652607 70.151773 0 0.916933
264.545521 270.678937 274.932030 302.645326 319.244850 288.247218 308.858341 256.280829 12 0.768103
259.992041 252.411162 243.143207 259.218532 261.718358 305.193643 278.567191 298.386273 11 0.714162
329.767040 251.231913 333.245842 269.128796 360.511034 263.828979 357.032233 245.932096 12 0.751717
26.355163 166.882818 72.890737 168.507876 76.284403 71.326000 29.748829 69.700942 0 0.907690
79.482066 71.710140 79.162921 89.993967 123.001459 90.759172 123.320604 72.475345 8 0.707752
24.634399 381.934654 71.452295 383.569571 74.741049 289.392000 27.923152 287.757083 0 0.845357
382.922250 111.897814 417.832933 120.602024 441.231854 26.754077 406.321171 18.049866 11 0.806894
75.649042 167.880422 122.168682 169.504924 125.515740 73.657705 78.996100 72.033204 0 0.862811
76.224047 168.469465 121.993794 170.067780 125.311137 75.071497 79.541390 73.473182 0 0.891866
