83.948537 170.378939 131.391225 171.207055 133.138077 71.129988 85.695389 70.301873 0 0.892446
131.478634 72.635531 85.109224 72.635531 85.109224 170.338155 131.478634 170.338155 0 0.700455
182.741135 69.000561 134.860366 69.000561 134.860366 169.539517 182.741135 169.539517 0 0.856895
87.453043 359.583389 87.453043 380.567027 130.862381 380.567027 130.862381 359.583389 8 0.805068
83.844217 290.554804 40.036804 290.554804 40.036804 381.612422 83.844217 381.612422 0 0.864800
134.099916 170.536358 181.878278 171.370333 183.610793 72.114641 135.832431 71.280667 0 0.716698
36.255279 169.399836 84.033459 170.233807 85.763223 71.135683 37.985043 70.301712 1 0.837546
83.885049 72.152111 36.609916 72.152111 36.609916 170.449866 83.885049 170.449866 1 0.857331
130.607575 292.314349 86.230309 292.314349 86.230309 379.424777 130.607575 379.424777 0 0.919512
182.716084 69.337250 134.754956 69.337250 134.754956 168.011306 182.716084 168.011306 0 0.727982
86.672094 359.842437 86.672094 380.697771 130.410548 380.697771 130.410548 359.842437 8 0.790003
131.890556 380.258641 176.428638 381.036056 177.946056 294.103250 133.407974 293.325834 1 0.847606
