46.441669 369.466275 37.184887 386.165952 73.354764 406.215242 82.611546 389.515565 8 0.789093
19.086710 273.961831 38.581589 287.111293 52.589378 266.343892 33.094499 253.194430 2 0.806215
62.000924 347.447815 96.420649 370.664213 144.167441 299.876683 109.747716 276.660285 0 0.912927
60.748310 101.646317 99.927937 126.128465 156.131486 36.183985 116.951859 11.701837 0 0.807753
60.651615 102.018560 100.012454 126.613942 156.009609 36.999761 116.648771 12.404379 0 0.855808
60.424435 101.671075 100.530921 126.732389 154.764146 39.941085 114.657661 14.879772 0 0.788431
46.962779 369.256235 37.380226 385.853705 73.027792 406.434837 82.610346 389.837367 8 0.790078
117.906360 6.334229 107.498813 23.655297 146.722873 47.223490 157.130420 29.902422 8 0.746006
23.094487 325.558565 58.689667 348.674345 106.634836 274.845259 71.039656 251.729479 0 0.901251
60.400473 101.955438 100.097458 126.760867 155.281492 38.447953 115.584507 13.642523 0 0.817999
60.925152 347.311311 96.310146 371.178791 144.419471 299.853783 109.034478 275.986303 0 0.809317
