134.363061 168.972682 182.781631 169.817831 184.551319 68.432477 136.132749 67.587328 0 0.842480
83.136793 289.442365 40.508187 289.442365 40.508187 378.006683 83.136793 378.006683 0 0.822313
86.325632 375.931258 129.726648 376.688825 131.219874 291.142007 87.818858 290.384439 0 0.866148
86.804536 356.914118 86.804536 377.644769 129.489482 377.644769 129.489482 356.914118 8 0.859184
183.421911 67.460195 134.998927 67.460195 134.998927 170.431571 183.421911 170.431571 0 0.848959
183.606918 67.109002 135.040529 67.109002 135.040529 169.999951 183.606918 169.999951 0 0.850863
32.559150 312.182354 7.089309 312.182354 7.089309 340.522369 32.559150 340.522369 2 0.728392
182.622454 67.472296 135.088345 67.472296 135.088345 167.126723 182.622454 167.126723 0 0.724498
132.653505 68.994970 84.669823 68.994970 84.669823 170.330995 132.653505 170.330995 0 0.901846
84.668523 70.042873 36.469143 70.042873 36.469143 170.737133 84.668523 170.737133 1 0.890367
40.938280 360.569303 40.938280 378.653870 81.660930 378.653870 81.660930 360.569303 8 0.821103
83.073611 170.028341 131.540630 170.874336 133.321822 68.829908 84.854803 67.983913 0 0.911241
