45.794534 368.844308 36.496995 385.617511 72.517682 405.584103 81.815220 388.810900 8 0.791244
23.953143 322.924397 58.159091 346.875660 108.293326 275.276552 74.087378 251.325289 0 0.889034
72.465201 332.600137 64.171662 345.872574 99.040549 367.661073 107.334089 354.388636 8 0.806397
69.820096 100.448569 108.949160 125.859280 163.145453 42.404307 124.016389 16.993596 0 0.844052
69.546845 101.100234 107.382034 125.670693 160.385780 44.052082 122.550591 19.481623 0 0.873039
72.123045 332.615014 63.516318 346.388657 97.905670 367.877509 106.512398 354.103866 8 0.832946
72.118857 332.570388 63.505559 346.354546 97.940540 367.871910 106.553837 354.087752 8 0.816935
24.282744 323.270844 58.222805 347.035931 108.115502 275.781775 74.175441 252.016688 0 0.915059
30.037664 74.253990 66.689011 98.975635 117.749596 23.275204 81.098250 -1.446441 0 0.747726
24.197399 323.921574 59.264372 347.574546 107.983394 275.345625 72.916421 251.692653 0 0.836545
122.619871 123.196835 142.070871 137.328813 157.525724 116.057032 138.074725 101.925053 2 0.776501
