18.156223 272.980012 37.694813 287.175629 53.468079 265.465591 33.929488 251.269974 2 0.795141
320.076658 67.674863 335.417030 68.210561 337.134332 19.033459 321.793960 18.497761 11 0.743927
19.470717 328.291746 56.003376 352.933335 107.941938 275.931251 71.409279 251.289661 0 0.866692
27.541999 75.914060 65.045585 101.210548 116.523555 24.891318 79.019969 -0.405170 0 0.830424
18.081983 272.942858 38.006579 287.418924 53.815176 265.660258 33.890579 251.184191 2 0.768908
68.472531 103.696712 106.032605 128.088509 158.240337 47.695652 120.680263 23.303855 0 0.822775
67.631802 103.082230 104.686877 128.076194 160.179520 45.804967 123.124445 20.811004 0 0.880640
58.735200 352.456133 95.339643 378.086839 148.331985 302.405931 111.727543 276.775224 0 0.903642
17.554841 272.819677 37.615569 287.394649 53.665077 265.304396 33.604349 250.729424 2 0.713595
21.444609 327.269131 56.570471 350.961824 106.760226 276.552452 71.634364 252.859759 0 0.855768
30.252497 314.221403 20.710040 330.102719 57.288244 352.081120 66.830700 336.199805 8 0.783064
18.090423 273.017499 37.893659 287.405392 53.767915 265.556353 33.964679 251.168459 2 0.793845
