18.065785 272.384578 37.838019 286.749946 53.577313 265.086665 33.805080 250.721297 2 0.784097
320.282163 66.330721 334.772460 66.836733 336.371385 21.049508 321.881088 20.543496 11 0.738365
19.176728 327.535371 54.607814 352.344485 107.587345 276.681874 72.156258 251.872760 0 0.900627
29.504345 76.774970 65.739545 101.215922 116.979470 25.249609 80.744270 0.808658 0 0.761106
69.154255 103.335386 106.241010 127.419806 157.314474 48.773568 120.227719 24.689147 0 0.845285
68.162944 102.834310 104.732812 127.500997 158.981254 47.074374 122.411386 22.407687 0 0.880598
124.604392 17.740801 114.380677 34.102166 149.309907 55.928372 159.533622 39.567007 8 0.768411
69.777842 338.245956 60.146160 353.077446 97.577389 377.385570 107.209071 362.554081 8 0.775605
58.877900 351.886667 95.143565 377.280159 147.095855 303.084599 110.830191 277.691107 0 0.891765
69.985577 338.641015 60.436224 353.345729 97.830597 377.629919 107.379950 362.925205 8 0.743197
21.673254 327.433794 56.476927 350.909168 106.616318 276.574464 71.812645 253.099090 0 0.846273
