127.339505 378.419702 171.228835 380.719844 175.784444 293.793635 131.895114 291.493492 1 0.755615
43.390900 166.633104 90.637599 168.282995 94.102326 69.066177 46.855628 67.416286 1 0.829872
43.233409 167.983865 90.071643 169.619492 93.673684 66.470526 46.835450 64.834899 1 0.856200
37.807685 370.703511 80.152339 372.922700 84.639763 287.297557 42.295109 285.078368 0 0.892346
36.881407 371.785756 80.242108 374.058194 84.786018 287.355224 41.425317 285.082786 0 0.773430
36.903419 372.115529 80.009277 374.374612 84.608458 286.617017 41.502600 284.357935 0 0.756335
42.423554 167.943995 89.810898 170.427461 95.292057 65.840703 47.904714 63.357238 1 0.835140
92.012807 169.477056 140.185613 172.001685 145.738083 66.054238 97.565277 63.529608 0 0.902438
83.483772 372.705286 126.650231 374.967544 131.082173 290.401043 87.915714 288.138784 0 0.854050
127.711074 378.712445 171.417799 381.003017 175.992624 293.710148 132.285900 291.419576 1 0.802914
91.547717 169.859264 140.296739 172.414092 145.860959 66.242458 97.111936 63.687630 0 0.895635
