129.045347 376.878022 173.647618 378.435568 176.686454 291.414674 132.084184 289.857128 1 0.772984
37.980387 168.555991 85.469329 169.384913 87.306677 64.123285 39.817735 63.294362 1 0.876570
134.691210 170.207655 183.482709 171.911492 187.245656 64.154789 138.454157 62.450952 0 0.752443
86.094223 353.557201 86.094223 373.736514 127.670633 373.736514 127.670633 353.557201 8 0.813260
136.800245 169.701356 185.871005 170.557889 187.709080 65.254662 138.638320 64.398129 0 0.751172
129.246551 376.660993 173.350455 378.201135 176.353691 292.199724 132.249786 290.659581 1 0.861061
84.090810 372.458716 126.635152 373.201330 128.101002 289.222830 85.556660 288.480216 0 0.732035
86.359311 169.550651 133.593623 171.200110 137.321408 64.450310 90.087096 62.800851 0 0.895350
39.686998 373.671678 82.113509 374.412235 83.619776 288.118235 41.193265 287.377678 0 0.750634
233.831533 -2.622893 203.461106 2.732233 218.943845 90.539211 249.314272 85.184085 11 0.778800
233.309376 -3.207258 203.076893 2.123544 218.989503 92.368441 249.221986 87.037639 11 0.771007
85.430833 168.617370 133.538647 170.297332 137.221134 64.844682 89.113320 63.164720 0 0.885345
40.508651 356.015597 40.508651 374.235560 81.108853 374.235560 81.108853 356.015597 8 0.807331
