20.615164 377.934953 63.245809 378.679074 64.805081 289.348439 22.174436 288.604319 0 0.801123
160.698213 289.053980 113.278191 289.881699 114.856852 380.323107 162.276873 379.495387 1 0.868077
161.732767 68.567591 114.743872 69.387785 116.490152 169.432071 163.479047 168.611877 0 0.889169
390.068977 304.785810 437.174291 310.569615 448.156742 221.124731 401.051428 215.340926 11 0.740110
390.438479 303.519737 435.211207 309.812134 447.398882 223.092318 402.626155 216.799921 11 0.779520
64.163550 70.810966 15.224699 71.665197 16.968645 171.575776 65.907496 170.721545 1 0.879150
111.888559 69.116316 64.115073 69.950205 65.850342 169.363721 113.623828 168.529832 0 0.876258
115.420570 69.852295 116.032221 87.367691 163.967052 85.693769 163.355401 68.178374 8 0.794287
111.750178 70.519069 65.579227 71.324986 67.291729 169.434149 113.462680 168.628232 0 0.805301
68.616205 356.825168 68.970770 377.138205 111.289964 376.399521 110.935398 356.086483 8 0.799445
116.446368 70.108686 117.362658 87.592549 163.582240 85.170283 162.665950 67.686421 8 0.758593
110.420797 289.366660 66.513959 290.133057 68.046276 377.919468 111.953114 377.153071 0 0.862127
