395.328356 109.877927 426.542035 118.828305 447.487922 45.781318 416.274242 36.830940 11 0.768610
394.798954 109.178421 426.092956 118.151832 447.682545 42.859990 416.388542 33.886579 11 0.760353
83.989986 289.877844 40.946981 290.629162 42.553785 382.682922 85.596790 381.931604 0 0.742722
89.946946 169.825776 137.376490 170.653661 139.107093 71.507503 91.677549 70.679617 0 0.889535
247.118771 278.475569 259.563806 309.278111 308.906643 289.342311 296.461608 258.539768 12 0.853657
84.121496 289.731351 41.414159 290.476810 43.005724 381.657534 85.713061 380.912074 0 0.759133
84.863705 289.775054 40.226713 290.554195 41.845172 383.275653 86.482165 382.496512 0 0.736068
246.820470 278.571299 259.949100 309.500414 308.790938 288.768283 295.662308 257.839169 12 0.843602
247.430872 278.957992 259.712268 309.355515 308.331679 289.711998 296.050282 259.314475 12 0.717403
42.354545 361.673219 42.719471 382.579835 85.199426 381.838345 84.834500 360.931729 8 0.813451
90.532185 169.118989 137.798989 169.944035 139.528095 70.883645 92.261291 70.058599 0 0.883028
44.022952 68.417757 43.689885 87.499166 87.049907 88.256018 87.382974 69.174609 8 0.802186
