327.956552 251.169090 331.156377 269.316199 355.817324 264.967809 352.617499 246.820699 12 0.700648
327.202012 251.733150 330.698211 269.719534 356.333194 264.736598 352.836995 246.750214 12 0.730710
84.756339 169.412070 130.746587 171.018085 134.149795 73.562973 88.159546 71.956958 0 0.894863
80.845305 289.213116 36.337218 289.990008 37.963715 383.171943 82.471802 382.395051 0 0.897466
251.806347 274.282949 263.505910 306.427233 311.995198 288.778575 300.295636 256.634291 12 0.726071
85.805096 169.627219 131.246365 170.420399 132.920150 74.529330 87.478880 73.736149 0 0.789314
251.498725 274.622528 262.957129 306.104234 312.155114 288.197632 300.696710 256.715926 12 0.845073
36.743123 361.429201 36.743123 382.116441 80.959821 382.116441 80.959821 361.429201 8 0.813847
36.924257 168.941935 83.118947 169.748266 84.841448 71.066236 38.646759 70.259905 0 0.909142
38.512077 70.726465 38.512077 89.019400 82.100775 89.019400 82.100775 70.726465 8 0.801149
327.199827 251.806218 330.684783 269.734762 356.425154 264.731341 352.940198 246.802797 12 0.769604
390.708600 110.846388 423.173802 119.545413 445.401482 36.590584 412.936279 27.891560 11 0.737753
36.835002 361.357168 36.835002 382.167581 80.880152 382.167581 80.880152 361.357168 8 0.797780
