86.042725 377.906702 130.007957 378.674118 131.533410 291.280927 87.568179 290.513511 0 0.707527
131.463310 381.427236 177.715478 382.234570 179.269262 293.218313 133.017095 292.410978 1 0.828122
181.037024 69.227986 134.619460 69.227986 134.619460 169.217634 181.037024 169.217634 0 0.742125
40.268710 363.981690 40.268710 382.283930 81.942976 382.283930 81.942976 363.981690 8 0.819880
87.051238 359.321869 87.051238 380.328319 130.660295 380.328319 130.660295 359.321869 8 0.805310
130.614555 382.485066 177.018737 384.105535 180.193937 293.179710 133.789755 291.559240 1 0.788083
86.325061 359.146316 86.325061 379.656748 130.141027 379.656748 130.141027 359.146316 8 0.816831
131.616822 70.713517 85.007692 70.713517 85.007692 170.377218 131.616822 170.377218 0 0.902854
218.627878 302.488242 234.838597 325.639548 284.581292 290.809338 268.370573 267.658032 12 0.841888
82.462713 290.574863 39.413935 291.326282 40.987996 381.504151 84.036774 380.752732 0 0.899030
129.876171 290.925177 85.509845 291.699594 87.047052 379.766095 131.413378 378.991678 0 0.847093
32.422592 313.219127 6.424373 313.219127 6.424373 342.443381 32.422592 342.443381 2 0.707256
180.974977 68.948084 134.122364 69.765899 135.828965 167.537017 182.681578 166.719202 0 0.757171
181.814656 69.261090 134.423361 69.261090 134.423361 169.449406 181.814656 169.449406 0 0.849419
