83.860395 170.025345 130.894309 170.846325 132.636186 71.054240 85.602272 70.233260 0 0.902332
84.508203 71.933953 36.885417 71.933953 36.885417 170.770047 84.508203 170.770047 1 0.893527
130.577329 381.437173 175.772065 383.015408 178.864824 294.450393 133.670087 292.872158 1 0.848487
87.259958 70.117422 87.259958 89.957439 132.489319 89.957439 132.489319 70.117422 8 0.821436
40.745703 364.172758 40.745703 382.222511 82.058583 382.222511 82.058583 364.172758 8 0.798400
137.196508 69.901798 137.494265 86.960233 185.056279 86.130035 184.758523 69.071600 8 0.705069
131.703809 70.745467 84.940457 70.745467 84.940457 170.632394 131.703809 170.632394 0 0.903502
218.321187 302.882894 234.480208 325.960367 284.537766 290.909688 268.378745 267.832215 12 0.821770
84.360125 71.809161 36.954446 71.809161 36.954446 170.711896 84.360125 170.711896 1 0.890808
83.674684 290.637287 40.081874 290.637287 40.081874 381.378896 83.674684 381.378896 0 0.863584
82.865425 290.302672 39.621772 291.057493 41.209232 382.002987 84.452884 381.248166 0 0.881394
136.430641 69.892402 136.734930 87.325151 184.897161 86.484476 184.592872 69.051727 8 0.712821
82.877194 170.127720 130.506923 170.959100 132.253613 70.891296 84.623884 70.059916 0 0.900293
