255.414075 58.276698 256.888286 79.358895 311.227234 75.559145 309.753023 54.476949 12 0.819668
35.047137 311.616000 26.453045 326.501404 59.597508 345.637369 68.191600 330.751965 8 0.772100
255.156577 58.058670 256.661905 79.585863 310.323245 75.833497 308.817917 54.306304 12 0.827576
123.312563 122.673701 142.211258 136.914889 157.809045 116.215926 138.910350 101.974738 2 0.771723
123.322827 122.754031 142.111343 136.912193 157.934996 115.913496 139.146480 101.755334 2 0.786625
68.962295 100.468835 107.774266 125.673623 162.893399 40.797602 124.081428 15.592813 0 0.867516
123.161010 122.387340 141.906274 137.032746 157.961058 116.483559 139.215794 101.838154 2 0.772634
62.674472 345.652697 97.652461 370.144549 146.447623 300.457836 111.469633 275.965984 0 0.912836
25.314620 322.401331 58.491451 345.631998 107.188835 276.084926 74.012004 252.854259 0 0.917859
335.155402 250.516637 338.087940 271.382731 365.205468 267.571611 362.272930 246.705517 12 0.700050
413.478837 207.437701 364.493436 210.863094 370.254570 293.251141 419.239970 289.825748 11 0.847885
69.906495 99.949166 108.999852 125.336689 163.896099 40.803883 124.802741 15.416360 0 0.852729
71.908989 332.022533 63.254860 345.872033 98.146911 367.675007 106.801040 353.825506 8 0.806111
69.045898 100.528896 107.502250 125.502743 162.588472 40.677398 124.132121 15.703551 0 0.873284
68.450392 100.316137 107.981049 125.987645 162.694731 41.735963 123.164075 16.064455 0 0.768139
72.361723 332.803765 63.995392 346.192693 98.221055 367.579261 106.587386 354.190333 8 0.744706
