49.048072 289.501834 4.518614 290.279099 6.108501 381.363613 50.637958 380.586348 0 0.896281
100.253351 169.444817 146.979865 170.260431 148.719993 70.568563 101.993479 69.752948 0 0.892503
50.430253 69.076775 0.021195 69.076775 0.021195 169.681247 50.430253 169.681247 1 0.870174
96.449507 289.028845 51.677117 289.810350 53.251119 379.984835 98.023508 379.203331 0 0.902154
5.361983 363.664872 5.361983 381.666504 48.085550 381.666504 48.085550 363.664872 8 0.705411
98.911162 70.404510 51.373636 70.404510 51.373636 170.481133 98.911162 170.481133 0 0.906159
144.640448 289.217166 97.106536 290.046874 98.701127 381.400907 146.235039 380.571199 1 0.843287
98.809944 169.624920 147.458891 170.474090 149.211150 70.087244 100.562202 69.238073 0 0.899842
238.267056 283.294318 253.046620 313.596917 303.729385 288.877281 288.949820 258.574682 12 0.778590
49.525499 290.723113 5.307526 290.723113 5.307526 381.824112 49.525499 381.824112 0 0.893124
96.856549 288.994916 51.699223 289.783140 53.285030 380.633962 98.442356 379.845738 0 0.792852
52.479158 357.755586 52.845537 378.745436 95.721049 377.997041 95.354670 357.007191 8 0.857778
96.757322 289.036163 51.844988 289.820111 53.419635 380.031578 98.331969 379.247631 0 0.911567
