85.633518 379.004142 129.982828 379.778262 131.524106 291.478526 87.174796 290.704406 0 0.894424
306.903469 257.787055 310.698078 275.639285 331.703198 271.174509 327.908589 253.322279 12 0.706106
84.283538 71.389538 37.133413 71.389538 37.133413 170.583261 84.283538 170.583261 1 0.890091
39.866132 363.990672 39.866132 382.635422 82.326851 382.635422 82.326851 363.990672 8 0.806118
40.009873 363.859339 40.009873 382.444941 82.350056 382.444941 82.350056 363.859339 8 0.829690
40.102437 364.596598 40.102437 382.918786 82.132928 382.918786 82.132928 364.596598 8 0.772889
218.916665 303.501149 235.399153 326.187348 284.431130 290.563532 267.948641 267.877333 12 0.818413
130.304442 291.604974 86.303641 291.604974 86.303641 379.008905 130.304442 379.008905 0 0.854569
84.425368 71.473463 37.065397 71.473463 37.065397 170.675821 84.425368 170.675821 1 0.893136
131.915106 70.597757 84.730342 70.597757 84.730342 170.105234 131.915106 170.105234 0 0.901680
82.797946 290.420496 39.590710 291.174681 41.166263 381.438081 84.373500 380.683896 0 0.897615
31.836596 313.344692 6.202786 313.344692 6.202786 342.509068 31.836596 342.509068 2 0.704982
180.901282 68.386013 133.659797 69.210617 135.384349 168.010120 182.625834 167.185517 0 0.780974
83.212128 290.025618 39.929600 290.025618 39.929600 380.545146 83.212128 380.545146 0 0.899058
