85.874878 379.291476 130.277917 380.066533 131.826520 291.347123 87.423481 290.572066 0 0.894150
131.448754 381.061188 176.818877 381.853127 178.362055 293.444529 132.991932 292.652590 1 0.840831
86.209830 379.757334 129.968583 380.521145 131.519740 291.655453 87.760986 290.891641 0 0.904092
40.022222 364.775548 40.022222 382.843898 81.730531 382.843898 81.730531 364.775548 8 0.807372
40.223366 364.610438 40.223366 382.694223 81.819763 382.694223 81.819763 364.610438 8 0.834862
129.750004 291.192781 85.673260 291.962143 87.201137 379.494185 131.277882 378.724822 0 0.856722
130.387897 292.346504 86.443041 292.346504 86.443041 379.279502 130.387897 379.279502 0 0.922092
88.412289 69.743951 88.085844 88.445986 132.081494 89.213933 132.407939 70.511898 8 0.811576
218.288753 302.185454 234.713728 325.642748 284.648498 290.678045 268.223524 267.220751 12 0.836649
84.592386 71.476812 37.049977 71.476812 37.049977 170.905695 84.592386 170.905695 1 0.892590
181.906636 69.591898 134.851211 69.591898 134.851211 167.639904 181.906636 167.639904 0 0.766928
31.966729 312.752646 6.847655 312.752646 6.847655 340.883988 31.966729 340.883988 2 0.702837
134.076703 170.296690 180.692776 171.110377 182.414877 72.451278 135.798804 71.637592 0 0.739511
132.018224 380.966299 176.709204 381.746383 178.256623 293.094795 133.565644 292.314711 1 0.843692
