234.119643 292.902273 247.286179 315.707383 304.892280 282.448486 291.725743 259.643375 12 0.864855
123.456514 122.823212 142.092332 136.866308 157.733103 116.110304 139.097285 102.067208 2 0.789332
233.071748 292.644952 246.261323 315.489966 304.333699 281.961864 291.144124 259.116850 12 0.855908
401.322728 65.244448 389.474757 97.796481 440.468248 116.356594 452.316220 83.804561 12 0.852361
123.232419 122.835727 142.020941 136.993894 157.567197 116.363316 138.778675 102.205149 2 0.780709
26.999649 73.064548 66.176343 98.506190 118.868373 17.367579 79.691679 -8.074064 0 0.827632
34.742722 311.838067 26.519603 326.672966 59.878837 345.164292 68.101956 330.329392 8 0.760907
68.481231 100.731111 107.447142 126.035869 164.380090 38.366816 125.414180 13.062058 0 0.861638
24.362362 322.840876 58.395135 346.670880 108.055702 275.748239 74.022930 251.918235 0 0.911331
24.144338 323.834692 59.384419 347.604427 108.274479 275.121933 73.034398 251.352198 0 0.831270
45.288200 369.014527 36.136260 385.525063 72.152745 405.489326 81.304684 388.978790 8 0.808160
412.754674 207.387336 364.949127 210.730226 370.793894 294.314299 418.599442 290.971410 11 0.869320
27.277375 73.850638 65.715142 98.812416 119.091247 16.620422 80.653480 -8.341356 0 0.742313
68.812816 100.384944 107.777818 125.689112 164.999106 37.576055 126.034104 12.271887 0 0.773611
128.408906 4.497858 117.675245 22.361670 156.335194 45.590911 167.068855 27.727099 8 0.738481
