86.151794 379.367671 130.333678 380.138869 131.885932 291.210273 87.704049 290.439076 0 0.894484
39.427408 380.960720 82.182483 381.707013 83.765018 291.043643 41.009943 290.297351 0 0.894257
132.395291 380.991450 177.767924 381.783432 179.323145 292.684854 133.950513 291.892871 1 0.801987
87.672165 70.083180 87.672165 89.113240 132.000814 89.113240 132.000814 70.083180 8 0.807580
131.881480 69.793259 84.772128 69.793259 84.772128 170.623051 131.881480 170.623051 0 0.901960
345.187669 262.975126 343.095080 282.884781 395.273690 288.368974 397.366279 268.459319 12 0.758419
39.994896 364.906385 39.994896 383.386035 82.099523 383.386035 82.099523 364.906385 8 0.808360
182.248907 68.497919 134.388591 68.497919 134.388591 170.293610 182.248907 170.293610 0 0.850899
83.820843 290.702345 40.433323 290.702345 40.433323 381.720185 83.820843 381.720185 0 0.870090
345.308077 263.211834 343.248450 282.807878 394.457537 288.190170 396.517164 268.594126 12 0.821761
231.211218 -0.614463 200.929749 4.724977 216.739397 94.385950 247.020866 89.046510 11 0.781075
82.902200 169.838866 130.816799 170.675219 132.579038 69.716651 84.664439 68.880299 0 0.904098
32.512471 314.526365 7.815336 314.526365 7.815336 342.420481 32.512471 342.420481 2 0.712235
