180.002432 70.883753 134.291588 70.883753 134.291588 168.349512 180.002432 168.349512 0 0.818176
36.473223 168.580460 83.712035 169.405016 85.443303 70.220718 38.204492 69.396162 1 0.864904
84.189091 169.551029 130.445138 170.358431 132.182956 70.798922 85.926909 69.991520 0 0.889873
87.671346 69.987449 87.339088 89.022478 131.686779 89.796570 132.019037 70.761541 8 0.808733
87.672373 69.840338 87.339377 88.917643 131.551665 89.689371 131.884660 70.612066 8 0.821197
133.195085 169.766063 178.885519 170.563592 180.587133 73.078197 134.896699 72.280668 0 0.718880
82.244226 290.500143 39.088897 291.253422 40.671717 381.933098 83.827046 381.179818 0 0.903693
179.661685 69.558235 133.392102 70.365873 135.090362 167.659132 181.359945 166.851494 0 0.729405
133.330409 168.802044 178.581724 169.591908 180.314852 70.301072 135.063537 69.511207 0 0.788277
218.491544 302.920927 235.437495 326.245026 285.106077 290.158689 268.160127 266.834589 12 0.836385
218.581565 302.194813 235.085983 325.765565 285.020728 290.800880 268.516310 267.230128 12 0.835709
130.801443 290.884095 86.086724 290.884095 86.086724 379.075561 130.801443 379.075561 0 0.902687
