278.753389 239.187176 261.208600 245.228331 278.957169 296.773918 296.501958 290.732763 11 0.771640
278.050713 239.719729 260.994196 245.927793 279.461766 296.667023 296.518282 290.458959 11 0.808090
12.391683 70.982086 12.088736 88.337912 56.617984 89.115173 56.920932 71.759347 8 0.802807
284.601956 261.433377 293.349030 294.077901 342.498796 280.908260 333.751722 248.263737 12 0.845437
284.668912 261.643395 293.538768 294.746151 342.819150 281.541512 333.949293 248.438757 12 0.860813
7.881753 379.805390 52.042266 381.347509 55.256647 289.299670 11.096135 287.757551 0 0.840615
7.674073 378.804608 51.983424 380.351925 55.162621 289.311629 10.853270 287.764313 0 0.798239
12.434661 70.807479 12.126446 88.465119 56.627199 89.241882 56.935414 71.584243 8 0.725290
10.717799 167.089406 56.855401 167.894741 58.539024 71.440029 12.401423 70.634694 0 0.890745
10.913981 166.877707 57.095172 167.683803 58.762273 72.175619 12.581083 71.369523 0 0.829423
278.757359 239.195123 261.101329 245.274582 278.834152 296.774439 296.490182 290.694980 11 0.740908
