272.723588 18.965712 252.544977 21.443334 259.098314 74.815980 279.276924 72.338358 11 0.761188
272.433659 20.658793 251.508106 23.228128 257.896735 75.259333 278.822288 72.689998 11 0.700785
56.872647 168.313948 102.225723 169.897712 105.601978 73.214411 60.248902 71.630647 0 0.894388
57.366362 168.534962 102.872895 170.124085 106.258354 73.177241 60.751820 71.588118 0 0.907164
272.174085 18.299810 251.593651 20.826770 258.176143 74.436863 278.756577 71.909904 11 0.802062
51.581124 382.104567 95.894722 383.652032 99.162827 290.065746 54.849229 288.518281 1 0.840379
56.026972 168.028952 101.682394 170.421651 106.767421 73.393552 61.111999 71.000852 0 0.713674
8.730064 166.268004 54.395564 167.862678 57.717231 72.742595 12.051730 71.147921 0 0.749986
4.669803 379.603579 49.655539 381.961182 54.538083 288.796697 9.552347 286.439095 0 0.834791
104.904225 158.798151 124.655339 159.487875 125.410589 137.860346 105.659475 137.170622 2 0.740209
