62.413496 351.173051 98.590909 375.575024 148.522370 301.548588 112.344957 277.146615 0 0.900587
33.467928 315.610222 24.872716 330.497566 58.789504 350.079432 67.384716 335.192089 8 0.851778
121.740199 124.278295 140.448483 137.870659 155.380070 117.319092 136.671787 103.726728 2 0.758103
233.624788 292.940076 247.127303 315.412035 303.620129 281.467720 290.117614 258.995761 12 0.867685
23.360596 326.958966 58.264657 350.502052 108.494685 276.032974 73.590624 252.489887 0 0.890322
23.268177 327.418273 58.583511 351.238767 109.120220 276.315014 73.804887 252.494520 0 0.896043
21.669540 272.637804 41.766658 286.709957 56.915432 265.075266 36.818314 251.003113 2 0.721625
32.347444 315.083782 23.861798 330.392292 59.573634 350.187686 68.059280 334.879176 8 0.812119
61.767775 351.457260 98.157685 376.002564 148.799698 300.922693 112.409787 276.377388 0 0.905849
62.867622 350.891983 98.775927 375.112441 148.266800 301.739205 112.358495 277.518747 0 0.909032
27.391720 75.291257 66.503644 100.690838 118.387410 20.796844 79.275486 -4.602736 0 0.818219
21.548525 272.328508 41.360080 286.200709 56.378455 264.752245 36.566901 250.880045 2 0.704936
134.699279 104.250576 121.461989 123.155385 142.260431 137.718612 155.497721 118.813802 2 0.756299
68.098246 103.313060 106.745002 128.410557 160.610383 45.465144 121.963627 20.367646 0 0.870152
334.318926 246.933208 337.130348 269.830404 365.507819 266.346088 362.696397 243.448893 12 0.731313
45.034657 376.611433 35.195851 393.652745 72.123435 414.972896 81.962241 397.931584 8 0.712665
