68.022146 364.766878 110.557024 379.412811 139.681141 294.830233 97.146263 280.184301 0 0.785489
86.640323 151.308165 131.761466 165.968913 161.674361 73.906486 116.553219 59.245738 1 0.834435
26.448322 351.084676 66.006047 363.937760 93.357381 279.759009 53.799656 266.905925 0 0.892482
69.054450 364.295647 110.762439 377.847394 138.046853 293.874605 96.338863 280.322858 0 0.855122
86.424201 149.238402 132.204117 164.113199 162.362344 71.295721 116.582427 56.420924 1 0.805471
86.434626 151.178848 131.688221 165.882633 161.780651 73.267656 116.527056 58.563872 1 0.848342
32.451693 334.037180 27.637191 352.005147 68.401002 362.927777 73.215504 344.959810 8 0.825144
61.317843 388.790373 56.075928 408.353466 97.731545 419.515055 102.973460 399.951962 8 0.762762
86.653125 151.338953 131.645781 165.957953 161.598793 73.772060 116.606137 59.153060 1 0.833844
299.296931 9.215871 279.030518 10.633036 283.171410 69.850560 303.437823 68.433394 11 0.757613
400.393755 267.519410 393.371229 292.009869 451.611758 308.710072 458.634285 284.219613 12 0.705385
