82.584022 289.065405 40.517815 289.065405 40.517815 375.840826 82.584022 375.840826 0 0.910754
36.110185 170.145206 85.338690 171.004493 87.069127 71.867829 37.840622 71.008543 1 0.795199
82.254152 289.032578 40.718143 289.032578 40.718143 375.989045 82.254152 375.989045 0 0.891002
86.193007 354.257280 86.193007 374.991884 128.980856 374.991884 128.980856 354.257280 8 0.847835
134.622081 168.828683 183.788073 170.545597 187.354582 68.414146 138.188590 66.697232 0 0.786042
82.909033 289.187932 40.331312 289.187932 40.331312 376.450496 82.909033 376.450496 0 0.914427
84.075005 170.036829 132.973766 170.890360 134.771248 67.912633 85.872488 67.059102 0 0.897011
84.555216 169.791830 132.331469 170.625768 134.123385 67.966997 86.347132 67.133059 0 0.893774
343.888451 262.717619 341.718334 283.364899 396.783600 289.152492 398.953717 268.505212 12 0.729680
233.148452 3.330242 201.442551 9.493245 217.908578 94.203610 249.614479 88.040607 11 0.779650
35.774540 170.478459 84.631957 171.331269 86.404687 69.771650 37.547270 68.918841 1 0.889045
83.534030 169.790444 132.627653 170.647377 134.422571 67.816591 85.328948 66.959659 0 0.907921
130.330840 377.913653 175.071503 378.694604 176.594978 291.414766 131.854316 290.633815 1 0.774468
