60.629309 380.977820 105.614013 383.335369 110.466449 290.745375 65.481745 288.387826 1 0.857263
60.563796 381.353845 105.593947 383.713775 110.477132 290.537056 65.446981 288.177126 1 0.856856
113.548773 160.133444 133.396291 160.826535 134.134846 139.677095 114.287328 138.984004 2 0.705984
70.105491 73.123436 70.105491 90.736455 113.997573 90.736455 113.997573 73.123436 8 0.816726
18.993646 166.886515 64.467366 168.474492 67.807381 72.828959 22.333661 71.240981 0 0.911555
21.289802 71.555600 20.991202 88.662402 65.368939 89.437018 65.667539 72.330216 8 0.859328
18.825138 166.387355 64.372617 167.977908 67.680174 73.261856 22.132696 71.671303 0 0.901957
19.050604 167.083386 64.846905 168.682628 68.245464 71.360620 22.449163 69.761378 0 0.846037
13.730931 383.196851 59.594517 384.798442 62.872516 290.928837 17.008930 289.327245 0 0.894104
67.125558 169.126074 112.648791 170.715780 116.010690 74.443572 70.487458 72.853866 0 0.844390
278.010653 266.088164 287.153560 295.993266 332.206820 282.219102 323.063913 252.313999 12 0.838384
70.187237 73.003009 70.187237 90.563207 113.810809 90.563207 113.810809 73.003009 8 0.737979
70.466736 72.956542 70.466736 90.613166 113.883165 90.613166 113.883165 72.956542 8 0.732931
