21.166595 311.420867 11.232038 327.319481 47.287212 349.849254 57.221769 333.950640 8 0.751698
60.262727 336.464300 50.001038 351.119511 86.091981 376.390661 96.353671 361.735450 8 0.812317
344.952678 247.474665 346.072906 268.849887 372.850738 267.446520 371.730510 246.071298 12 0.713275
256.679058 58.553302 257.783848 79.633959 312.946057 76.743030 311.841267 55.662373 12 0.843382
61.064389 336.726017 50.706374 351.518796 85.967627 376.208992 96.325643 361.416212 8 0.780370
12.254402 267.307763 30.203117 281.330836 45.609421 261.611665 27.660707 247.588592 2 0.736866
30.391554 375.881147 19.359069 393.536813 58.423117 417.946739 69.455601 400.291073 8 0.758015
26.889686 73.036391 63.033635 99.296507 119.005324 22.258085 82.861376 -4.002030 0 0.849102
60.546049 336.466770 50.376650 350.990176 86.902969 376.566180 97.072368 362.042773 8 0.803787
65.919109 101.301857 101.992568 127.510759 160.750601 46.637265 124.677142 20.428363 0 0.882082
125.495490 16.904948 114.810233 32.746493 149.988690 56.474661 160.673946 40.633117 8 0.735509
238.999707 287.637737 251.958560 311.016127 309.737083 278.988969 296.778230 255.610579 12 0.860179
61.011313 336.629474 50.622721 351.465921 86.041630 376.266508 96.430222 361.430060 8 0.790367
21.132629 311.546965 11.329291 327.235586 46.983092 349.514554 56.786431 333.825933 8 0.812828
349.690692 93.360121 387.741226 100.069456 400.702118 26.564583 362.651585 19.855247 11 0.781009
65.509919 101.308578 102.182469 127.952746 161.465775 46.356276 124.793224 19.712108 0 0.876372
