61.674007 348.715196 98.443742 370.808682 142.480545 297.519135 105.710810 275.425649 0 0.860543
104.385542 124.351260 125.068201 136.292399 138.195273 113.555643 117.512614 101.614504 2 0.739364
71.987898 333.584424 63.754396 347.845267 99.259028 368.343876 107.492529 354.083033 8 0.819216
22.425580 327.803771 58.619546 349.551301 103.138732 275.458933 66.944765 253.711404 0 0.890321
61.442346 347.960901 97.356698 370.402679 142.241685 298.571684 106.327333 276.129906 0 0.910196
23.505150 327.514201 58.682942 348.651150 102.569410 275.611801 67.391619 254.474851 0 0.868449
62.558441 348.265407 98.742519 370.006994 141.256845 299.251274 105.072767 277.509686 0 0.897756
16.288329 277.561812 35.674260 289.675486 48.809025 268.655469 29.423093 256.541794 2 0.727313
62.094357 349.058359 98.100555 370.693065 141.915982 297.771947 105.909785 276.137241 0 0.772821
71.258425 333.747707 63.234108 348.223959 98.272823 367.646236 106.297141 353.169984 8 0.830694
