12.710063 283.342533 34.711139 295.040713 47.444965 271.091870 25.443888 259.393690 2 0.716881
322.245347 15.866248 306.113137 16.147837 307.019849 68.093306 323.152059 67.811717 11 0.701400
32.052145 317.064686 24.814567 333.320551 60.794588 349.339889 68.032165 333.084023 8 0.765525
42.210920 106.837179 82.426094 127.327833 127.714878 38.443592 87.499704 17.952937 0 0.870236
42.578562 107.630751 83.229464 127.457520 127.644584 36.393028 86.993683 16.566258 0 0.884987
24.326839 331.739263 60.224690 350.826489 100.142550 275.751914 64.244698 256.664688 0 0.893051
24.255235 333.021596 60.812895 351.648654 99.912222 274.911904 63.354562 256.284846 0 0.857253
12.436647 283.442649 34.685688 295.272674 47.465347 271.237631 25.216306 259.407606 2 0.724433
89.505064 9.534695 81.396409 26.923763 120.100151 44.971614 128.208807 27.582547 8 0.750009
12.500163 283.065343 34.581356 294.806122 47.129747 271.206030 25.048555 259.465252 2 0.818996
