114.258840 289.963749 69.701698 289.963749 69.701698 378.881329 114.258840 378.881329 0 0.908239
22.462751 378.232805 65.241511 378.979511 66.807177 289.282524 24.028418 288.535818 0 0.823215
65.973018 289.165387 23.237006 289.165387 23.237006 379.454116 65.973018 379.454116 0 0.901287
393.681953 306.026496 437.634147 311.423147 448.837211 220.181508 404.885017 214.784857 11 0.702125
391.937079 305.882974 438.048685 312.363538 451.056344 219.809231 404.944739 213.328667 11 0.729495
66.126560 71.252212 17.527313 72.100515 19.255888 171.130515 67.855135 170.282212 1 0.832499
164.651490 69.803458 117.462217 69.803458 117.462217 168.755522 164.651490 168.755522 0 0.821630
163.594820 68.838873 116.324164 69.663985 118.074198 169.923344 165.344853 169.098231 0 0.889007
113.865105 70.425359 66.891827 71.245281 68.609761 169.665638 115.583038 168.845717 0 0.900691
22.486197 362.044555 22.797341 379.870029 65.276146 379.128559 64.965001 361.303085 8 0.859655
163.108204 68.857763 115.785129 70.510322 119.231133 169.190967 166.554209 167.538409 0 0.891218
69.162299 357.256297 69.162299 377.619060 113.450763 377.619060 113.450763 357.256297 8 0.859913
