46.593104 369.395693 37.191945 385.678979 72.035529 405.795932 81.436689 389.512646 8 0.765959
61.977053 346.863018 96.462953 371.010305 146.148701 300.051703 111.662801 275.904416 0 0.821401
46.349066 369.186147 36.856410 385.627910 72.154678 406.007374 81.647334 389.565611 8 0.807407
35.192208 250.705720 22.238598 269.910237 42.652495 283.679584 55.606105 264.475067 2 0.790040
67.430709 100.686762 105.847169 125.634703 162.374699 38.589941 123.958238 13.642000 0 0.843868
66.808040 100.636017 105.887899 126.014774 163.307463 37.596400 124.227604 12.217643 0 0.877561
71.949623 332.936423 63.418410 346.589218 97.601319 367.949069 106.132532 354.296275 8 0.811894
67.582604 100.005423 107.117727 125.679832 163.890151 38.257965 124.355028 12.583556 0 0.862574
24.819092 72.075338 65.028653 98.187733 118.101869 16.462148 77.892307 -9.650247 0 0.778359
23.695082 324.269331 58.738183 347.906201 107.790078 275.183775 72.746978 251.546905 0 0.870091
25.220998 323.355496 58.736793 345.962185 106.074446 275.781229 72.558651 253.174540 0 0.921239
126.506677 3.535030 114.786311 22.291536 154.866104 47.336170 166.586469 28.579664 8 0.748560
