98.070754 289.483171 53.204192 289.483171 53.204192 379.860316 98.070754 379.860316 0 0.904035
100.304909 169.600429 147.199556 170.418978 148.950210 70.124048 102.055563 69.305499 0 0.881929
50.268345 289.580432 5.677177 289.580432 5.677177 380.916913 50.268345 380.916913 0 0.895749
49.006066 289.732859 4.797405 290.504524 6.382535 381.316536 50.591195 380.544871 0 0.896243
97.973761 69.893448 50.853909 70.715928 52.601155 170.815589 99.721007 169.993109 0 0.906474
49.797673 68.632765 0.041963 69.501254 1.793280 169.834166 51.548990 168.965676 1 0.870784
53.167388 358.342887 53.542393 379.826882 97.191582 379.064982 96.816577 357.580988 8 0.836743
97.520574 69.343982 49.900483 70.175194 51.636030 169.604600 99.256121 168.773389 0 0.898377
144.929502 289.287673 98.002177 290.106793 99.596036 381.418887 146.523360 380.599768 1 0.789429
97.400685 289.014385 52.334938 289.801010 53.922605 380.758428 98.988353 379.971803 0 0.811722
148.243540 69.477671 99.880481 69.477671 99.880481 170.169617 148.243540 170.169617 0 0.901284
53.149662 358.393720 53.523715 379.823246 97.162519 379.061527 96.788465 357.632002 8 0.881267
53.173639 358.071997 53.546237 379.418096 96.740495 378.664137 96.367897 357.318038 8 0.860421
