133.738230 169.463229 181.457104 170.296165 183.217406 69.448542 135.498532 68.615606 0 0.853572
39.282761 379.765072 82.434075 380.518281 84.003213 290.622416 40.851899 289.869207 0 0.900539
86.344155 379.245790 130.153122 380.010478 131.701089 291.327467 87.892123 290.562779 0 0.903084
40.033460 364.088079 40.033460 382.838412 81.614574 382.838412 81.614574 364.088079 8 0.757036
131.719426 381.170555 177.616255 382.773307 180.736130 293.431782 134.839301 291.829029 1 0.832849
133.784237 169.718186 181.952732 170.558970 183.726424 68.944250 135.557929 68.103466 0 0.832494
130.728876 290.871874 86.625445 290.871874 86.625445 379.057079 130.728876 379.057079 0 0.816177
82.810243 169.820490 130.552637 170.653837 132.308281 70.073035 84.565887 69.239689 0 0.905715
344.874172 263.399274 343.121174 283.436133 395.268770 287.998457 397.021768 267.961598 12 0.824616
83.894757 290.317039 40.109714 290.317039 40.109714 380.967234 83.894757 380.967234 0 0.849730
231.247275 -0.583096 200.597234 4.821333 216.393477 94.406279 247.043518 89.001850 11 0.763298
83.847129 170.011011 130.481052 170.825009 132.234022 70.397419 85.600099 69.583421 0 0.899531
