85.774316 378.759380 130.044960 379.532127 131.594021 290.786457 87.323377 290.013710 0 0.897004
82.669530 289.981677 40.017216 289.981677 40.017216 381.075403 82.669530 381.075403 0 0.898031
82.667244 67.784909 35.782042 68.603293 37.556492 170.261452 84.441694 169.443068 1 0.871319
88.050349 69.067527 87.723358 87.800844 132.254006 88.578129 132.580997 69.844813 8 0.793162
87.186893 357.721203 87.186893 378.999586 130.805957 378.999586 130.805957 357.721203 8 0.831447
131.941353 68.548377 84.925153 68.548377 84.925153 170.004707 131.941353 170.004707 0 0.901349
131.950958 379.765255 176.407862 380.541253 177.941343 292.688213 133.484438 291.912215 1 0.712753
82.396292 66.461710 35.534145 67.279691 37.320174 169.601217 84.182320 168.783235 1 0.753185
82.402424 66.003018 35.469225 66.822240 37.271471 170.072835 84.204669 169.253613 1 0.751842
181.971272 68.107172 134.191944 68.941163 135.922718 168.097116 183.702045 167.263125 0 0.799017
129.443549 290.270225 85.236891 291.041855 86.780057 379.449777 130.986715 378.678147 0 0.807280
82.959734 68.603544 36.746347 68.603544 36.746347 169.200903 82.959734 169.200903 1 0.862535
131.926107 68.173317 84.924844 68.173317 84.924844 170.438979 131.926107 170.438979 0 0.893315
