83.029687 290.141744 40.003631 290.141744 40.003631 380.631349 83.029687 380.631349 0 0.900322
84.377221 70.863623 36.746941 70.863623 36.746941 170.765499 84.377221 170.765499 1 0.894643
130.902742 291.208117 86.622306 291.208117 86.622306 379.433284 130.902742 379.433284 0 0.902793
136.271519 69.690596 136.578616 87.284175 184.795206 86.442551 184.488109 68.848972 8 0.710943
87.635528 70.044547 87.635528 89.311517 132.331141 89.311517 132.331141 70.044547 8 0.813151
88.549253 69.913672 88.222139 88.653978 132.414416 89.425357 132.741529 70.685051 8 0.829909
83.661836 290.746658 39.955241 290.746658 39.955241 381.208138 83.661836 381.208138 0 0.866788
131.028506 381.448493 176.372391 382.239974 177.919456 293.608676 132.575571 292.817196 1 0.837155
85.913038 379.803839 129.724403 380.568569 131.278422 291.538862 87.467058 290.774132 0 0.903271
129.354969 291.761686 85.527602 292.526695 87.050454 379.770872 130.877821 379.005862 0 0.920214
83.857750 169.986247 131.472186 170.817360 133.231264 70.039835 85.616828 69.208722 0 0.876614
129.856602 382.396100 175.755730 383.998933 178.925460 293.229734 133.026332 291.626901 1 0.787745
131.372430 381.409819 176.415181 382.196043 177.965341 293.387453 132.922590 292.601229 1 0.825326
