20.265881 329.976649 6.297368 344.441468 38.965016 375.988249 52.933529 361.523430 8 0.776058
375.839296 237.343734 375.839296 262.470734 405.700707 262.470734 405.700707 237.343734 12 0.778481
20.224040 329.893415 6.230049 344.384617 39.041522 376.070289 53.035513 361.579087 8 0.793403
398.895677 60.443583 383.300924 101.069304 441.499301 123.409567 457.094054 82.783847 12 0.823083
375.887739 237.410367 375.887739 262.498489 405.763358 262.498489 405.763358 237.410367 12 0.768988
40.513519 375.231850 71.221805 407.031211 138.930418 341.645762 108.222133 309.846402 1 0.847015
398.495517 61.299892 383.724786 101.882140 441.649965 122.965181 456.420695 82.382933 12 0.868207
6.252891 343.017858 39.007416 375.772384 108.042594 306.737206 75.288069 273.982680 0 0.846184
64.537970 96.096952 94.599888 126.158871 156.008502 64.750258 125.946583 34.688339 0 0.741196
6.901842 342.340375 39.641543 375.080076 107.657279 307.064340 74.917578 274.324639 0 0.893755
264.030280 59.074199 265.105482 79.590270 315.630641 76.942359 314.555440 56.426288 12 0.843444
398.001366 61.492450 383.434230 101.515327 442.220006 122.911599 456.787141 82.888723 12 0.896601
