296.725571 2.423934 245.325607 6.018169 252.202843 104.367226 303.602808 100.772991 11 0.807571
6.649292 315.711963 30.856259 320.417320 36.378380 292.008468 12.171413 287.303110 2 0.710977
5.835430 315.752414 31.138372 320.670807 36.746529 291.819340 11.443587 286.900946 2 0.779549
29.736662 358.346641 69.911969 366.886166 87.887120 282.319728 47.711814 273.780203 0 0.888696
297.653427 2.954284 246.466435 5.636880 251.609563 103.773610 302.796555 101.091013 11 0.827769
296.362656 4.698997 247.105137 7.280474 252.079710 102.200989 301.337229 99.619512 11 0.816893
191.310596 75.321470 197.966176 97.090891 245.502632 82.557538 238.847053 60.788117 12 0.743779
67.113879 156.462472 114.164214 166.463330 135.887476 64.263421 88.837141 54.262563 1 0.728915
78.154774 348.773557 74.550308 367.316931 115.272335 375.232491 118.876802 356.689117 8 0.823812
6.441018 315.695092 31.999535 320.201748 37.000561 291.839518 11.442045 287.332862 2 0.700738
33.411346 342.654918 30.335814 360.097128 69.917991 367.076534 72.993523 349.634324 8 0.829867
223.060197 298.833694 237.562257 322.041841 293.140890 287.312457 278.638830 264.104310 12 0.775361
73.295169 367.506606 115.753237 377.308824 135.215613 293.008013 92.757545 283.205796 0 0.900500
