400.040962 62.804954 387.934377 97.965030 441.907238 116.549377 454.013823 81.389301 12 0.878826
46.129439 368.428702 36.327685 385.405839 72.619505 406.358931 82.421259 389.381794 8 0.811504
254.870094 58.443621 256.323969 79.235008 310.592368 75.440192 309.138493 54.648805 12 0.832411
123.429284 122.779724 142.443976 136.594706 157.467714 115.916305 138.453022 102.101323 2 0.749294
254.834487 58.353241 256.293122 79.212695 310.613832 75.414220 309.155197 54.554767 12 0.831368
24.443031 323.009894 58.435767 346.811864 108.581302 275.196618 74.588566 251.394648 0 0.920708
123.284252 122.625512 141.917901 136.666973 157.218756 116.362052 138.585108 102.320590 2 0.790336
24.691330 322.801799 58.229833 346.285711 107.724146 275.600507 74.185643 252.116595 0 0.876553
25.386698 322.540315 58.453419 345.693882 107.101823 276.216762 74.035101 253.063195 0 0.919262
336.396897 250.603759 338.742729 269.709026 364.034364 266.603603 361.688532 247.498337 12 0.788255
336.377051 250.596784 338.717598 269.659009 364.005218 266.554080 361.664671 247.491855 12 0.773074
35.373870 311.274738 26.610315 326.453660 60.030172 345.748624 68.793727 330.569701 8 0.753433
28.052661 73.252607 66.569330 98.265624 119.712089 16.432952 81.195420 -8.580065 0 0.736845
69.657598 100.261519 108.787768 125.672948 163.529438 41.378167 124.399268 15.966738 0 0.864340
68.942747 100.466337 107.568771 125.550370 162.311565 41.253859 123.685541 16.169826 0 0.879117
128.280017 5.135525 117.438960 23.178074 156.089312 46.401548 166.930369 28.358999 8 0.764293
