255.072472 58.277004 256.569869 79.690768 310.762746 75.901233 309.265350 54.487469 12 0.839095
69.085732 100.145119 107.993451 125.412087 163.415784 40.069179 124.508064 14.802210 0 0.866278
232.657381 292.602822 245.801007 315.368250 303.989728 281.772977 290.846101 259.007549 12 0.822881
401.563704 65.249485 389.737588 97.741471 440.824982 116.335761 452.651098 83.843775 12 0.855480
22.075334 270.642230 41.468476 284.732173 56.264821 264.366751 36.871679 250.276809 2 0.813546
62.291840 346.728541 97.220246 371.185675 146.989997 300.107106 112.061590 275.649972 0 0.904702
69.086678 100.141474 107.840828 125.308713 163.713240 39.272743 124.959090 14.105504 0 0.856071
24.230565 323.039699 58.241709 346.854558 108.368160 275.266566 74.357017 251.451707 0 0.920252
68.861067 100.143332 108.203123 125.692362 162.592518 41.940038 123.250462 16.391008 0 0.771842
413.191939 207.067679 364.540713 210.469704 370.325950 293.202446 418.977176 289.800421 11 0.849476
350.704002 90.600339 391.773756 97.842045 403.941490 28.835396 362.871736 21.593691 11 0.727077
72.402125 333.198950 64.026559 346.602658 98.130591 367.913223 106.506158 354.509515 8 0.790681
29.415076 73.866890 67.036572 98.298576 118.900422 18.435251 81.278925 -5.996434 0 0.700656
71.811433 332.609259 63.257277 346.298770 98.048315 368.038623 106.602471 354.349112 8 0.829823
27.959514 73.544813 66.701115 98.703903 118.533824 18.888530 79.792223 -6.270560 0 0.729585
70.024946 99.813668 109.175413 125.238278 164.132188 40.612265 124.981722 15.187655 0 0.854112
