80.022141 350.279374 78.582291 370.870188 121.527834 373.873233 122.967684 353.282419 8 0.838819
79.119694 371.660016 122.562643 376.226054 131.623054 290.021999 88.180105 285.455961 0 0.792944
360.498946 264.260158 357.272961 284.628225 412.565777 293.385747 415.791762 273.017680 12 0.873244
359.431919 263.861075 356.101123 284.890894 412.969970 293.898034 416.300766 272.868215 12 0.762023
101.040451 166.857294 149.541847 171.954996 160.422725 68.430359 111.921329 63.332657 0 0.899068
79.262298 370.524055 123.851942 375.210616 132.787004 290.199175 88.197361 285.512615 0 0.838439
80.324062 350.502997 78.884262 371.093103 121.454794 374.069925 122.894594 353.479818 8 0.775711
80.197423 369.880545 122.107986 375.026515 132.421400 291.030495 90.510838 285.884525 0 0.798223
360.578292 264.154483 357.310898 284.784002 412.266613 293.488132 415.534008 272.858613 12 0.861591
34.777025 365.578173 76.469886 369.960270 85.449994 284.520244 43.757133 280.138148 0 0.873593
100.364432 167.054382 149.228937 172.190248 160.156115 68.225092 111.291611 63.089225 0 0.769768
100.942989 166.681696 149.191092 171.752776 160.087914 68.076441 111.839811 63.005361 0 0.900903
80.063461 350.272939 78.624456 370.851665 121.522683 373.851401 122.961688 353.272675 8 0.834451
