42.408937 349.651883 77.491037 377.061024 133.994063 304.740449 98.911962 277.331308 0 0.909413
2.365923 323.289410 37.252471 350.545769 95.700363 275.735879 60.813815 248.479521 0 0.900267
65.912796 100.757893 101.060657 127.243706 159.133541 50.178386 123.985680 23.692573 0 0.890902
3.537171 322.491049 37.748996 349.220256 95.019087 275.917882 60.807262 249.188675 0 0.914741
42.432099 349.093272 77.622733 376.587208 133.552082 305.000905 98.361449 277.506969 0 0.763455
42.206373 349.918867 77.278180 377.319966 134.183305 304.484727 99.111498 277.083628 0 0.906421
115.628572 124.612512 132.556254 138.320278 147.680250 119.643699 130.752568 105.935933 2 0.739946
5.592411 266.513415 23.391005 281.985497 40.938907 261.798945 23.140313 246.326863 2 0.750336
2.886838 323.024498 37.663427 350.194947 95.477995 276.195674 60.701406 249.025225 0 0.905490
41.846819 349.965980 77.178160 377.569848 134.224060 304.554426 98.892719 276.950558 0 0.901180
28.901494 72.950203 63.555545 99.063903 118.553352 26.079349 83.899301 -0.034352 0 0.838618
