45.700685 369.273100 36.298690 386.234748 72.507273 406.305493 81.909268 389.343845 8 0.787133
122.052306 123.506305 141.358740 137.533250 156.698688 116.419624 137.392253 102.392679 2 0.747442
72.905787 332.923472 64.433207 345.970101 98.738271 368.248069 107.210851 355.201441 8 0.804460
24.249988 323.093680 58.344833 346.967147 108.169422 275.810261 74.074576 251.936793 0 0.911323
128.464298 5.784363 117.556809 23.937475 155.599601 46.795891 166.507091 28.642779 8 0.736755
68.600212 100.485951 107.810656 125.949511 161.971969 42.548402 122.761525 17.084842 0 0.812371
62.559123 346.129019 97.179310 370.370335 146.134368 300.455266 111.514181 276.213950 0 0.915088
68.577167 100.675411 107.505584 125.955821 162.418861 41.396791 123.490443 16.116380 0 0.848769
25.269346 322.571317 58.534552 345.863865 107.137123 276.452201 73.871916 253.159653 0 0.918280
63.524627 346.330714 97.757961 370.301152 146.274181 301.012809 112.040848 277.042371 0 0.872123
135.377593 102.440283 121.840588 121.773129 143.408108 136.874869 156.945113 117.542023 2 0.766341
