262.922960 259.403322 264.303342 285.742577 307.597232 283.473641 306.216850 257.134386 12 0.771390
73.253204 183.437953 73.253204 230.244952 178.390770 230.244952 178.390770 183.437953 1 0.725253
74.346198 233.486465 74.346198 277.905480 173.504630 277.905480 173.504630 233.486465 0 0.890202
74.082424 233.646500 74.082424 277.817412 173.726000 277.817412 173.726000 233.646500 0 0.891846
76.992896 134.865076 76.992896 182.163735 176.933034 182.163735 176.933034 134.865076 1 0.764106
262.992023 259.392928 264.372529 285.734547 307.543965 283.472028 306.163460 257.130409 12 0.786423
74.367553 233.555746 74.367553 277.819069 173.402230 277.819069 173.402230 233.555746 0 0.892711
75.921960 232.692824 75.154315 276.671176 172.727154 278.374316 173.494799 234.395964 0 0.888988
407.982916 85.870921 432.526917 90.198690 444.469710 22.467746 419.925709 18.139976 11 0.719452
407.501515 86.135781 432.069079 90.467706 444.086527 22.313375 419.518962 17.981450 11 0.772657
