86.236071 377.923837 130.010761 378.687927 131.537727 291.208065 87.763038 290.443974 0 0.713329
132.343458 381.008414 177.183737 381.791104 178.734888 292.925728 133.894609 292.143038 1 0.799795
87.321513 359.404037 87.321513 380.285221 131.063975 380.285221 131.063975 359.404037 8 0.810699
136.224554 69.981152 136.831103 87.350424 184.981665 85.668969 184.375116 68.299697 8 0.770123
135.568425 70.053689 136.171032 87.310089 185.407276 85.590721 184.804669 68.334321 8 0.747382
40.127401 365.015870 40.127401 383.372424 81.655691 383.372424 81.655691 365.015870 8 0.780641
85.179371 72.632671 37.438703 72.632671 37.438703 171.158986 85.179371 171.158986 1 0.836965
83.098146 169.653174 130.676456 170.483656 132.421601 70.504331 84.843292 69.673849 0 0.896931
83.510258 290.872467 40.046832 290.872467 40.046832 381.416082 83.510258 381.416082 0 0.873240
129.820769 290.928968 85.642868 291.700097 87.177466 379.617169 131.355367 378.846041 0 0.846794
218.817287 302.356131 235.072519 325.571008 284.762836 290.777474 268.507604 267.562597 12 0.838911
31.915851 312.717628 6.464552 312.717628 6.464552 341.383221 31.915851 341.383221 2 0.705732
84.791440 71.429110 36.985294 71.429110 36.985294 171.183561 84.791440 171.183561 1 0.871094
