320.524041 65.877272 333.686288 66.336908 335.117297 25.358168 321.955050 24.898532 11 0.729717
69.386499 102.602154 107.148816 127.125290 160.938124 44.297018 123.175807 19.773883 0 0.884547
121.049649 124.704021 141.162193 138.270103 155.948337 116.348743 135.835794 102.782661 2 0.721631
22.733064 327.723892 58.399681 351.781329 109.487334 276.040769 73.820717 251.983332 0 0.902450
23.316612 327.546544 58.488808 351.270490 108.896424 276.538126 73.724227 252.814180 0 0.896543
69.849625 102.497004 107.362404 126.858088 158.906784 47.486704 121.394005 23.125620 0 0.743103
62.500055 352.155468 98.486117 376.428374 148.626506 302.092189 112.640444 277.819284 0 0.907342
81.311949 -9.566255 71.919875 6.701294 109.705143 28.516629 119.097217 12.249080 8 0.727082
21.052153 273.473573 42.035083 288.165979 57.474201 266.116632 36.491271 251.424227 2 0.838453
33.057525 315.493450 23.769640 331.580540 59.771348 352.366136 69.059234 336.279046 8 0.785226
20.848252 273.162777 40.927136 287.750940 56.557175 266.238037 36.478291 251.649874 2 0.775261
62.572822 352.263591 97.946409 376.123377 147.841790 302.150433 112.468203 278.290647 0 0.841586
