29.649598 315.295608 20.354683 330.764945 57.237722 352.926511 66.532637 337.457174 8 0.795311
399.067662 61.149224 386.210090 98.490326 441.411875 117.497825 454.269447 80.156723 12 0.855658
18.356649 272.455049 37.988112 286.718142 53.510072 265.353998 33.878608 251.090905 2 0.781815
27.865451 75.938213 65.116336 101.064253 117.296833 23.703486 80.045947 -1.422554 0 0.815290
254.294882 58.530137 255.804641 80.120697 309.967914 76.333232 308.458155 54.742672 12 0.771428
60.074422 351.615371 96.038314 376.797559 147.737802 302.963038 111.773910 277.780850 0 0.905497
18.476687 272.645160 38.267980 287.024377 53.962606 265.422578 34.171312 251.043361 2 0.763202
69.690727 338.893628 60.297291 353.358251 97.806123 377.716771 107.199559 363.252148 8 0.804437
120.177772 125.278463 138.366504 138.493350 152.886539 118.508235 134.697808 105.293348 2 0.736987
27.683690 75.967819 65.111797 101.213395 117.245906 23.921400 79.817799 -1.324177 0 0.818426
19.522383 328.615752 55.895351 353.149628 107.781592 276.225112 71.408625 251.691236 0 0.894019
67.299899 104.223426 105.470622 129.011783 159.574073 45.699775 121.403350 20.911418 0 0.858988
17.779169 272.595332 37.764906 287.115819 53.811492 265.029588 33.825756 250.509101 2 0.706297
18.786453 328.651373 55.485891 353.405456 107.676873 276.029143 70.977436 251.275060 0 0.855099
400.232909 65.276930 388.286868 98.098409 439.607081 116.777439 451.553123 83.955960 12 0.850917
123.778902 17.517673 113.970062 33.215097 149.624721 55.494601 159.433561 39.797177 8 0.719159
