110.897218 381.907487 158.920672 382.745739 160.535919 290.208297 112.512465 289.370045 1 0.861984
110.773473 381.364177 158.522066 382.197631 160.122407 290.514129 112.373815 289.680674 1 0.852207
63.466015 69.797979 13.615877 70.668117 15.387825 172.182932 65.237963 171.312795 1 0.878034
189.805799 58.177945 199.487024 119.302791 294.402759 104.269616 284.721535 43.144770 12 0.810843
228.732195 293.367114 246.291671 320.406337 297.271400 287.299714 279.711924 260.260491 12 0.855579
190.040469 58.755886 199.738060 119.984066 293.147640 105.189442 283.450049 43.961262 12 0.795459
110.766904 381.421342 158.677815 382.257630 160.281152 290.402539 112.370241 289.566251 1 0.833863
19.266865 361.728725 19.266865 379.439461 60.680178 379.439461 60.680178 361.728725 8 0.802560
159.872269 68.555394 112.413575 69.383789 114.165697 169.762805 161.624391 168.934411 0 0.841616
19.825082 361.598104 19.825082 379.481976 61.347370 379.481976 61.347370 361.598104 8 0.821111
66.755667 68.929405 66.755667 88.179694 111.685274 88.179694 111.685274 68.929405 8 0.845690
110.344991 69.369837 63.541666 70.186793 65.287620 170.212437 112.090945 169.395482 0 0.902648
110.641527 68.453934 63.295951 69.280354 65.029092 168.571922 112.374668 167.745502 0 0.851607
