377.202795 237.176788 377.202795 260.825062 405.914698 260.825062 405.914698 237.176788 12 0.800257
18.646046 329.270666 4.289855 344.136937 38.187932 376.871929 52.544123 362.005658 8 0.803703
18.817486 329.055193 4.446160 343.937136 38.595436 376.914709 52.966762 362.032765 8 0.775609
399.673297 60.940705 384.136934 101.414314 441.849557 123.568114 457.385920 83.094506 12 0.825371
38.103945 376.704968 68.948101 408.645026 138.347087 341.627204 107.502931 309.687146 1 0.825138
377.293116 237.252043 377.293116 260.842344 405.925320 260.842344 405.925320 237.252043 12 0.791210
399.260565 61.823361 384.549183 102.242551 441.885433 123.111239 456.596815 82.692049 12 0.860283
4.918306 342.994919 37.706133 375.782746 106.519081 306.969798 73.731254 274.181971 0 0.877937
399.299224 61.830759 384.587444 102.251042 441.841741 123.089902 456.553521 82.669619 12 0.859293
122.820449 110.038440 108.568453 125.866885 125.786674 141.370241 140.038670 125.541796 2 0.728823
38.216207 376.644191 69.003185 408.525039 138.402437 341.506960 107.615459 309.626112 1 0.837773
377.084656 238.244937 377.084656 260.774982 404.903117 260.774982 404.903117 238.244937 12 0.785213
