120.776075 124.800270 138.182775 137.917160 152.637436 118.735177 135.230736 105.618287 2 0.744489
320.343139 66.565420 334.940317 67.075165 336.559304 20.713443 321.962126 20.203698 11 0.734935
28.896687 75.602558 65.454539 100.261140 116.372206 24.772595 79.814354 0.114012 0 0.819952
29.245613 76.603492 65.798748 100.341376 115.671791 23.543624 79.118656 -0.194260 0 0.828735
28.424915 75.776443 65.095001 100.510728 116.203798 24.738821 79.533712 0.004536 0 0.821437
68.460850 103.753787 106.042165 128.159378 157.766952 48.510192 120.185637 24.104600 0 0.843758
67.985118 102.808898 104.504162 127.441304 158.378311 47.569593 121.859268 22.937187 0 0.890416
67.865578 102.385782 105.019846 127.446652 159.085887 47.290450 121.931619 22.229580 0 0.873783
29.488380 315.199171 20.444475 330.863674 57.195697 352.082002 66.239603 336.417499 8 0.738210
67.611762 103.859356 105.730250 128.613792 158.788545 46.911182 120.670057 22.156746 0 0.871056
120.759515 124.855545 138.127412 137.943194 152.625424 118.703683 135.257527 105.616034 2 0.736318
