86.040945 379.712341 130.442474 380.487373 132.002812 291.095692 87.601282 290.320660 0 0.892139
39.275951 381.008077 82.232983 381.757895 83.822469 290.696310 40.865437 289.946492 0 0.892891
131.139581 380.893258 176.308342 382.470586 179.389323 294.242806 134.220563 292.665478 1 0.787236
87.327115 359.559422 87.327115 380.227576 130.209271 380.227576 130.209271 359.559422 8 0.797400
88.223565 70.038667 87.907178 88.164507 131.794769 88.930568 132.111157 70.804727 8 0.829159
83.395882 67.171825 37.251880 67.171825 37.251880 169.325091 83.395882 169.325091 1 0.731860
131.594511 69.152173 84.748806 69.152173 84.748806 170.201267 131.594511 170.201267 0 0.900651
131.323523 68.821418 84.948195 68.821418 84.948195 170.733983 131.323523 170.733983 0 0.902427
181.724595 68.761269 134.733558 68.761269 134.733558 167.553568 181.724595 167.553568 0 0.788865
343.442380 262.578740 341.307984 282.886159 394.891442 288.518008 397.025837 268.210588 12 0.837915
231.712122 -1.488709 200.831678 3.956346 216.753377 94.252789 247.633821 88.807734 11 0.798263
82.952874 169.478908 130.016577 170.300408 131.785487 68.959602 84.721784 68.138102 0 0.909754
