58.635614 161.278301 105.849764 167.913818 119.810521 68.577868 72.596371 61.942352 1 0.806869
122.131005 380.172668 167.514758 387.360749 181.473890 299.226256 136.090138 292.038176 1 0.756295
274.295612 45.862748 273.274993 104.333967 357.324856 105.801062 358.345475 47.329844 12 0.891583
76.637868 369.503542 120.554274 376.459218 133.986025 291.654475 90.069620 284.698800 0 0.902288
268.481022 1.915127 217.840991 7.237609 228.543716 109.067231 279.183747 103.744749 11 0.862183
76.134095 370.534980 119.915062 377.469203 133.550992 291.375331 89.770025 284.441108 0 0.896427
75.835128 369.469640 119.967440 376.459512 133.441273 291.389076 89.308961 284.399204 0 0.889348
221.326747 299.922113 236.635653 323.495761 289.441047 289.203537 274.132141 265.629889 12 0.771694
35.364311 346.657626 33.140376 364.770122 72.676820 369.624587 74.900755 351.512091 8 0.797798
32.892882 362.446429 74.827153 368.339907 86.712290 283.772765 44.778019 277.879288 0 0.895191
77.619992 369.227696 120.590296 376.033524 133.851533 292.305368 90.881229 285.499541 0 0.745283
