27.493858 73.892562 66.072943 98.946112 117.571758 19.644890 78.992674 -5.408660 0 0.839272
62.364826 347.707839 97.155221 372.068336 147.262330 300.507969 112.471934 276.147472 0 0.788766
72.506958 334.108025 63.932324 347.311803 98.892908 370.015472 107.467542 356.811694 8 0.792785
62.587261 347.396064 97.285232 371.691845 146.922967 300.801813 112.224996 276.506032 0 0.903726
24.037140 324.707844 58.936420 348.247706 108.423198 274.880541 73.523918 251.340679 0 0.919278
62.981863 346.657333 97.638008 370.923827 146.561213 301.054248 111.905069 276.787755 0 0.913818
25.115147 324.205633 59.018791 347.073930 107.023188 275.904485 73.119544 253.036188 0 0.921959
68.602176 101.722510 108.159809 127.411537 164.280218 40.993685 124.722585 15.304658 0 0.836670
34.770909 312.369818 26.255520 327.118905 59.701969 346.429221 68.217358 331.680135 8 0.801717
63.393286 346.928858 97.638544 370.907645 146.453193 301.193101 112.207936 277.214314 0 0.878569
22.108559 270.329276 41.162263 284.172602 55.956064 263.810682 36.902360 249.967356 2 0.788588
