67.724928 102.184250 104.669114 127.103418 159.616439 45.640659 122.672253 20.721491 0 0.877162
16.174621 272.334497 35.968693 286.715732 51.413694 265.457512 31.619622 251.076277 2 0.821487
57.223468 351.057240 93.991134 376.802236 146.049322 302.455439 109.281656 276.710442 0 0.871842
28.389080 75.003779 65.371809 99.948946 118.401663 21.328955 81.418933 -3.616211 0 0.827459
68.031558 102.297052 104.481099 126.882578 158.964177 46.108093 122.514636 21.522567 0 0.892621
18.254266 326.587172 53.553086 351.303672 105.598234 276.975497 70.299414 252.258997 0 0.857413
68.141855 101.816206 105.297819 126.878221 158.368646 48.197484 121.212682 23.135470 0 0.806468
28.073616 74.756374 65.562093 100.042671 118.494803 21.566702 81.006326 -3.719595 0 0.807746
119.443317 124.685692 138.148374 138.275711 153.090703 117.709361 134.385646 104.119341 2 0.752637
28.592759 313.436370 18.959539 329.468740 54.961437 351.100862 64.594656 335.068492 8 0.817873
58.099803 350.095243 94.331807 375.465166 145.489883 302.403861 109.257879 277.033939 0 0.800534
