18.123419 272.697204 37.942005 287.096249 53.721907 265.377077 33.903322 250.978031 2 0.778158
320.631753 66.655324 335.229646 66.910131 336.044616 20.220533 321.446723 19.965726 11 0.720754
19.488044 328.747169 55.754068 353.208911 107.555391 276.410291 71.289367 251.948549 0 0.864694
68.102855 103.256498 104.376867 127.723628 159.087349 46.612002 122.813338 22.144873 0 0.891583
68.097653 103.619715 105.896292 128.166438 159.090778 46.254113 121.292139 21.707390 0 0.875317
68.409928 102.707037 104.941173 127.347672 159.956354 45.784313 123.425109 21.143677 0 0.764852
19.238858 328.304513 55.770021 352.945093 107.220482 276.666647 70.689320 252.026067 0 0.855331
125.835484 17.694190 115.444267 33.695261 150.007001 56.140563 160.398218 40.139492 8 0.763592
58.630848 352.328542 94.763305 377.628761 147.522275 302.281144 111.389817 276.980925 0 0.904710
42.583378 378.582134 31.610040 396.143146 67.957413 418.855506 78.930751 401.294494 8 0.736964
17.930107 272.106729 37.447750 286.814329 53.049803 266.109706 33.532159 251.402106 2 0.788444
59.808876 352.455402 95.806872 376.736357 145.790682 302.632312 109.792686 278.351357 0 0.732345
