37.648872 374.683747 26.341628 392.779121 64.511034 416.630013 75.818278 398.534639 8 0.775655
54.666517 349.984854 90.645746 376.125295 143.802796 302.960891 107.823567 276.820451 0 0.711673
54.733136 350.106747 90.444502 376.052573 143.744098 302.691972 108.032732 276.746146 0 0.723015
55.773328 351.295979 91.281383 376.158987 142.820345 302.553721 107.312290 277.690713 0 0.907714
28.175072 74.625901 64.805906 99.333711 116.463797 22.747738 79.832963 -1.960072 0 0.838458
15.728658 325.704787 50.530008 350.989447 104.603144 276.564160 69.801795 251.279499 0 0.878625
67.384677 102.698150 104.829049 127.954698 158.470260 48.428333 121.025888 23.171785 0 0.829878
27.253145 73.835140 64.298467 99.774554 117.379425 23.967090 80.334103 -1.972323 0 0.830575
55.190999 351.624994 90.885207 376.618348 142.951538 302.259921 107.257329 277.266567 0 0.904639
16.227517 325.508242 50.867748 350.675843 104.565269 276.767546 69.925038 251.599945 0 0.905517
