400.102209 61.499345 385.197684 102.449191 442.237001 123.209804 457.141526 82.259958 12 0.832170
-34.955120 298.999495 -3.533244 332.695332 64.208909 269.524752 32.787033 235.828915 0 0.813400
400.603590 60.665479 384.918234 101.527228 442.576885 123.660310 458.262241 82.798562 12 0.733848
9.620000 325.699876 -6.149288 340.404975 27.043604 375.999993 42.812891 361.294895 8 0.752701
27.374820 375.011237 59.329907 409.278872 130.851586 342.583827 98.896499 308.316192 1 0.803954
-6.780445 339.314870 26.120616 374.596938 99.340815 306.317998 66.439754 271.035930 0 0.782252
270.049570 270.604374 280.940905 296.262750 344.562854 269.256835 333.671519 243.598459 12 0.831531
399.545074 61.464096 384.674081 102.321811 443.044298 123.566833 457.915290 82.709118 12 0.892096
-33.860030 298.190148 -2.452366 331.870745 64.412016 269.518699 33.004352 235.838103 0 0.795975
26.905124 374.039925 57.885109 408.446684 131.306058 342.338165 100.326073 307.931406 1 0.708485
