33.997411 311.272933 25.292728 326.349885 59.274657 345.969361 67.979340 330.892409 8 0.754323
61.842330 346.439491 96.810844 370.924707 146.279457 300.276206 111.310944 275.790989 0 0.887849
46.090874 368.543938 36.390959 385.344685 72.397273 406.132940 82.097188 389.332194 8 0.819028
35.105920 250.741319 22.083931 270.047211 42.562040 283.859870 55.584029 264.553978 2 0.794833
66.447354 100.904261 105.392527 126.195552 161.369249 39.998960 122.424076 14.707668 0 0.872751
71.543385 332.831474 63.244423 346.643266 98.541849 367.852099 106.840810 354.040307 8 0.832607
34.396527 311.637365 25.639549 326.804895 58.985407 346.057135 67.742385 330.889605 8 0.725503
67.251494 100.091933 106.753240 125.744667 162.712295 39.575280 123.210548 13.922546 0 0.840969
66.874664 100.014071 106.095522 125.484394 161.480272 40.199357 122.259414 14.729034 0 0.879553
23.724834 324.209639 58.833058 347.890436 107.938301 275.088919 72.830076 251.408123 0 0.865400
66.627219 100.732747 106.369941 126.541972 161.387386 41.822537 121.644663 16.013311 0 0.729319
