18.430915 271.654731 37.744838 286.208816 53.230499 265.658649 33.916576 251.104564 2 0.803643
320.947265 66.067995 334.732636 66.549391 336.191769 24.765300 322.406398 24.283904 11 0.735424
19.361081 328.546090 55.484177 352.911426 107.365145 275.994727 71.242049 251.629392 0 0.899837
29.125578 76.792739 66.139450 100.829828 117.841131 21.216221 80.827259 -2.820869 0 0.833331
68.101217 102.122938 105.147834 127.111197 159.777687 46.119109 122.731069 21.130851 0 0.878005
29.852220 77.287365 66.534958 101.109414 117.711704 22.304135 81.028966 -1.517914 0 0.794415
68.073744 102.641480 104.528539 127.230550 159.113296 46.305319 122.658501 21.716250 0 0.894059
30.454669 315.009548 21.070676 331.263100 57.685358 352.402597 67.069351 336.149045 8 0.803642
58.926199 352.048719 95.111578 377.385995 147.157126 303.057249 110.971747 277.719973 0 0.890218
124.417666 16.460262 114.000349 33.131455 148.973290 54.984974 159.390607 38.313781 8 0.774502
60.196750 352.782499 96.580588 377.323708 147.535343 301.780177 111.151505 277.238969 0 0.780008
42.172226 378.791432 31.445310 396.644018 68.596199 418.966524 79.323114 401.113938 8 0.717351
