69.417818 101.972491 107.464253 126.680136 161.260307 43.841478 123.213871 19.133833 0 0.884025
21.263280 271.151863 41.131494 285.586966 56.367674 264.616164 36.499459 250.181062 2 0.806599
24.942200 324.919138 59.733557 348.386205 109.044669 275.279475 74.253312 251.812408 0 0.890823
24.522060 325.061224 59.277283 348.503918 108.414109 275.655578 73.658886 252.212885 0 0.908478
69.545910 101.390228 107.645446 126.132356 161.533906 43.151406 123.434369 18.409278 0 0.876981
62.010547 348.675586 97.146518 373.278057 147.690583 301.093652 112.554612 276.491180 0 0.880230
62.644734 347.970835 97.949052 372.691185 147.745501 301.574486 112.441183 276.854136 0 0.713657
24.776921 324.821787 59.083256 347.961702 107.950223 275.513444 73.643888 252.373529 0 0.894140
61.577291 348.619693 96.797384 373.281067 147.553760 300.793451 112.333667 276.132076 0 0.908896
22.119017 271.219059 41.241731 285.112524 56.139848 264.607024 37.017134 250.713559 2 0.775388
63.322841 349.154511 98.614171 372.958814 147.196522 300.932516 111.905192 277.128213 0 0.871871
