86.386403 379.154280 130.380495 379.922199 131.920986 291.667528 87.926894 290.899608 0 0.890189
182.508877 68.152523 134.534570 68.152523 134.534570 169.732741 182.508877 169.732741 0 0.833443
84.775310 70.895197 37.064983 70.895197 37.064983 171.484874 84.775310 171.484874 1 0.864912
87.377371 358.568012 87.377371 379.909990 131.115443 379.909990 131.115443 358.568012 8 0.788449
36.772932 169.360515 83.954207 170.184067 85.692398 70.603177 38.511123 69.779625 1 0.832490
88.288678 69.576349 87.961907 88.297067 132.286103 89.070749 132.612874 70.350030 8 0.833410
83.851224 169.833070 131.077971 170.657416 132.819833 70.866212 85.593085 70.041866 0 0.898921
130.454222 291.740591 86.645889 291.740591 86.645889 379.120284 130.454222 379.120284 0 0.851534
182.292203 68.604681 134.923481 68.604681 134.923481 167.477002 182.292203 167.477002 0 0.770688
344.139085 262.689033 342.032856 282.728460 395.622364 288.360944 397.728593 268.321517 12 0.845971
231.865326 -0.596119 200.698980 4.899349 216.621166 95.198558 247.787513 89.703090 11 0.782051
36.135991 170.216251 83.128829 171.036514 84.853095 72.253410 37.860257 71.433147 1 0.846497
36.180512 170.432387 83.657757 171.261105 85.391014 71.962871 37.913769 71.134153 1 0.890044
