98.777507 148.901756 143.889659 167.128248 179.282454 79.528007 134.170302 61.301514 1 0.813712
97.783137 150.641995 145.115024 168.811004 179.741278 78.606529 132.409391 60.437520 1 0.729849
67.832718 360.697422 108.732580 376.397408 139.997698 294.948989 99.097837 279.249004 0 0.799966
20.002921 120.133180 61.914780 135.387849 94.617936 45.536667 52.706077 30.281998 0 0.755812
306.354910 13.745370 288.578974 14.676968 291.456368 69.580917 309.232304 68.649319 11 0.782361
58.245462 383.911124 52.093580 402.844672 91.852335 415.763075 98.004218 396.829527 8 0.742315
8.220374 298.175439 31.206653 307.462498 41.812668 281.211689 18.826389 271.924630 2 0.747174
58.014007 384.003569 51.858025 402.949734 91.929670 415.969801 98.085652 397.023636 8 0.762996
20.598469 119.059787 62.035837 134.141756 93.974349 46.391414 52.536982 31.309446 0 0.724884
98.801997 148.830461 143.829510 167.022758 179.159251 79.578582 134.131737 61.386286 1 0.815117
