86.125043 379.216910 130.463421 379.990840 132.013414 291.191779 87.675036 290.417850 0 0.893629
86.128920 378.891959 130.408985 379.664870 131.946928 291.556200 87.666863 290.783288 0 0.900152
40.015015 364.358982 40.015015 382.885841 81.544939 382.885841 81.544939 364.358982 8 0.822388
84.321729 70.756473 37.015300 70.756473 37.015300 170.699605 84.321729 170.699605 1 0.893272
86.944388 359.463601 86.944388 380.539584 130.462451 380.539584 130.462451 359.463601 8 0.813044
83.758445 290.773193 39.925563 290.773193 39.925563 381.354210 83.758445 381.354210 0 0.870791
88.389049 69.822512 88.069270 88.142591 132.104834 88.911235 132.424612 70.591155 8 0.822765
86.125802 379.633111 129.963978 380.398309 131.515154 291.531532 87.676977 290.766333 0 0.903145
130.364930 292.097356 86.526793 292.097356 86.526793 379.245560 130.364930 379.245560 0 0.916782
181.862540 69.246957 134.980239 69.246957 134.980239 166.986474 181.862540 166.986474 0 0.793133
218.401932 302.579081 234.553010 325.645212 284.600106 290.601858 268.449027 267.535728 12 0.838949
131.794437 381.652848 177.178522 382.445030 178.735895 293.223221 133.351810 292.431038 1 0.805509
130.221419 382.951254 176.451292 384.565637 179.638380 293.299384 133.408506 291.685001 1 0.757965
131.852027 69.831782 84.786238 69.831782 84.786238 170.624136 131.852027 170.624136 0 0.894839
