30.510674 315.075832 20.702728 331.398995 57.280089 353.376891 67.088035 337.053728 8 0.833967
19.101566 272.198289 38.383687 286.207570 53.867772 264.895555 34.585651 250.886274 2 0.776727
398.755680 60.998825 386.049340 97.900717 441.503440 116.995095 454.209781 80.093203 12 0.856864
30.771625 315.067188 21.061829 331.227002 57.380195 353.049278 67.089991 336.889464 8 0.828875
19.348296 329.021957 55.895870 353.673607 108.006742 276.416062 71.459168 251.764412 0 0.871841
255.723194 58.720968 256.838869 80.009310 310.839689 77.179247 309.724015 55.890905 12 0.816157
68.834830 104.002704 105.273821 127.666461 158.175082 46.205661 121.736092 22.541904 0 0.895247
120.011437 125.865577 138.347079 138.704332 152.553128 118.415992 134.217485 105.577237 2 0.717038
19.108812 271.444812 37.882301 285.591651 52.954674 265.589936 34.181185 251.443097 2 0.796901
18.986251 328.640853 55.837779 353.497522 107.813328 276.440601 70.961801 251.583932 0 0.834824
123.165510 18.558880 113.408925 34.796563 148.802941 56.063433 158.559525 39.825750 8 0.736568
19.755757 328.608734 56.206514 353.195080 107.856820 276.620353 71.406063 252.034007 0 0.876851
30.597827 314.594925 20.807851 330.888182 57.348196 352.843837 67.138173 336.550580 8 0.797143
123.174819 18.573043 113.420500 34.806956 148.786017 56.056702 158.540336 39.822789 8 0.750175
28.425150 78.428417 65.357074 103.339314 118.042434 25.230056 81.110510 0.319159 0 0.850643
336.795939 248.927741 338.556369 269.049550 364.717246 266.760770 362.956816 246.638961 12 0.782928
60.511870 353.824854 96.682803 378.222457 147.177107 303.361572 111.006174 278.963970 0 0.802216
