69.110576 366.426402 112.029295 379.547972 138.240545 293.814838 95.321825 280.693268 0 0.828182
82.696716 152.387159 128.443969 165.504973 155.208809 72.164884 109.461556 59.047070 1 0.872130
76.621179 346.731170 71.403526 364.927286 111.965675 376.558295 117.183327 358.362179 8 0.850261
112.566018 380.706835 155.878790 394.780007 184.087684 307.961958 140.774912 293.888785 1 0.767354
27.568391 353.149975 67.027332 364.464644 91.168584 280.274095 51.709642 268.959425 0 0.896785
69.249998 365.499220 111.487956 378.412659 137.289043 294.021106 95.051085 281.107667 0 0.873212
82.119261 153.003700 127.862971 166.120498 154.857117 71.980721 109.113407 58.863923 1 0.858182
394.703569 266.676977 388.149671 291.136456 445.268270 306.441338 451.822167 281.981859 12 0.765944
62.964429 389.448464 58.322664 409.554157 100.645974 419.325263 105.287739 399.219570 8 0.767898
54.504264 135.484960 77.464817 141.637222 84.222076 116.418789 61.261523 110.266528 2 0.728311
112.722424 380.424472 156.059187 394.505439 184.050610 308.356698 140.713847 294.275730 1 0.768359
112.850778 380.491613 155.097055 394.218261 182.956000 308.477246 140.709722 294.750598 1 0.702799
