27.398370 75.487988 66.298205 100.749837 118.671723 20.101692 79.771887 -5.160157 0 0.837108
32.896546 314.775585 23.805037 330.522541 59.427538 351.089202 68.519047 335.342246 8 0.778126
22.324745 271.494673 42.573660 286.206371 58.002615 264.970235 37.753700 250.258537 2 0.748116
232.573136 293.088630 246.277650 315.896771 303.131962 281.735254 289.427448 258.927113 12 0.857115
63.335379 350.606230 98.738484 374.485926 147.876339 301.636061 112.473233 277.756365 0 0.908047
21.696239 272.141807 41.320364 286.399568 56.786682 265.112007 37.162558 250.854245 2 0.705837
62.894372 350.845846 98.575795 374.913270 148.107216 301.479918 112.425793 277.412495 0 0.898829
121.851836 124.389794 140.420193 137.880495 155.265223 117.448064 136.696866 103.957363 2 0.759080
45.287329 376.464769 35.154104 394.016030 72.420127 415.531578 82.553352 397.980318 8 0.737042
27.110450 75.673369 65.719121 100.746133 118.079548 20.118145 79.470878 -4.954618 0 0.851011
68.483097 103.182961 106.742309 128.028784 161.683583 43.426641 123.424372 18.580818 0 0.871628
21.589929 272.052513 41.395184 286.441873 56.859290 265.157357 37.054035 250.767997 2 0.717081
68.652311 103.304427 106.979703 128.194527 159.602989 47.161772 121.275597 22.271673 0 0.715898
23.472683 328.047038 59.456318 351.415084 108.745655 275.516161 72.762021 252.148115 0 0.748149
334.787124 248.319275 336.806332 271.398933 364.418188 268.983208 362.398980 245.903551 12 0.702201
32.861079 314.835918 23.821054 330.493700 59.441559 351.059208 68.481584 335.401426 8 0.810111
