251.929820 58.849574 253.375417 79.522576 307.024011 75.771101 305.578414 55.098099 12 0.834336
33.900572 312.268078 25.534592 327.360707 59.243699 346.045970 67.609679 330.953342 8 0.757623
46.695717 369.201088 37.081146 385.854013 73.143538 406.674645 82.758109 390.021720 8 0.832164
122.691723 5.599449 111.339249 23.767205 149.787013 47.792034 161.139487 29.624278 8 0.708534
348.558826 92.213828 388.172757 99.198833 401.173591 25.467437 361.559660 18.482432 11 0.785306
23.654629 323.891708 58.223397 347.208637 106.602074 275.484299 72.033306 252.167370 0 0.894460
64.488111 100.987482 103.973082 125.660430 157.731736 39.628601 118.246765 14.955652 0 0.858116
63.100582 100.626236 102.146983 125.983266 156.356411 42.508066 117.310010 17.151037 0 0.741240
412.427106 206.510165 364.550576 209.858018 370.260998 291.520858 418.137528 288.173005 11 0.886610
335.251606 249.042450 337.754595 269.427660 364.001662 266.204925 361.498673 245.819715 12 0.766461
23.835754 323.897188 58.505780 347.282416 106.948301 275.463425 72.278275 252.078197 0 0.909920
64.532869 101.480628 103.311875 125.712440 157.137942 39.572728 118.358936 15.340915 0 0.869175
46.714746 369.684583 37.535384 385.583703 72.692852 405.881877 81.872213 389.982756 8 0.815358
72.118250 333.097410 63.577128 346.766062 97.514721 367.972623 106.055843 354.303971 8 0.820857
72.251881 333.159820 63.921531 346.491166 98.621039 368.173825 106.951389 354.842479 8 0.806552
61.985817 346.956037 97.112541 370.649311 144.990239 299.667704 109.863516 275.974430 0 0.902206
