161.643910 289.988602 112.776487 289.988602 112.776487 381.754818 161.643910 381.754818 1 0.853072
63.123104 70.481798 14.419917 71.331915 16.178568 172.084935 64.881755 171.234818 1 0.874916
62.113498 289.039376 19.446303 289.784135 21.009538 379.341799 63.676732 378.597040 0 0.887022
342.259461 263.877770 340.625615 282.552719 388.877643 286.774225 390.511489 268.099275 12 0.817171
389.610441 303.607764 435.753683 309.273442 446.643610 220.582103 400.500368 214.916425 11 0.814779
63.261994 70.832778 14.534349 71.683322 16.283862 171.912824 65.011507 171.062280 1 0.882534
66.584101 357.944656 66.917359 377.036965 107.571747 376.327340 107.238489 357.235031 8 0.763099
110.202587 68.774216 63.190113 69.594822 64.927166 169.110503 111.939640 168.289897 0 0.813350
63.320576 70.412879 14.319051 71.268203 16.083010 172.325374 65.084536 171.470050 1 0.878887
66.447387 357.981053 66.780413 377.060131 107.691309 376.346029 107.358282 357.266951 8 0.780430
19.565704 361.875048 19.874959 379.592259 61.627250 378.863470 61.317995 361.146259 8 0.742234
115.022124 69.158061 115.678724 87.960627 164.388335 86.259650 163.731735 67.457084 8 0.796359
