18.994158 327.467688 54.185052 352.108618 107.140780 276.480001 71.949886 251.839072 0 0.903618
30.066447 314.110651 20.470236 330.081428 56.654721 351.823260 66.250932 335.852483 8 0.785228
17.719920 272.437511 37.016085 286.456995 52.496719 265.149731 33.200554 251.130246 2 0.745782
67.786039 101.777300 105.054260 126.915033 160.414193 44.840557 123.145972 19.702824 0 0.780611
68.888876 338.276116 59.578520 352.612806 96.084616 376.320141 105.394971 361.983451 8 0.812771
231.921821 293.746329 245.491283 316.329705 306.836679 279.469672 293.267218 256.886296 12 0.718333
336.239748 247.884807 338.535604 269.728417 365.679115 266.875519 363.383259 245.031909 12 0.709422
41.762694 377.606550 31.283078 395.047559 68.402074 417.350902 78.881690 399.909893 8 0.725469
21.193886 327.425425 55.775175 350.750799 105.979402 276.319971 71.398113 252.994597 0 0.842282
68.114760 102.199037 104.728688 126.895443 159.148714 46.214437 122.534786 21.518030 0 0.883100
67.335733 102.130782 104.913489 127.477299 159.498686 46.551416 121.920930 21.204900 0 0.871273
120.236311 124.420193 138.901715 137.981403 154.012071 117.183782 135.346667 103.622572 2 0.790317
30.212313 314.834479 20.942383 330.890468 57.031387 351.726464 66.301317 335.670475 8 0.731247
27.917365 75.451037 65.491661 100.795220 117.495571 23.696253 79.921275 -1.647930 0 0.782530
29.890319 314.690386 20.426915 330.440137 56.616960 352.185310 66.080364 336.435559 8 0.831493
336.171095 247.876815 338.461689 269.670358 365.697118 266.807800 363.406524 245.014256 12 0.709492
81.809664 -9.854747 72.145443 6.229219 108.992353 28.369076 118.656574 12.285111 8 0.701657
