80.188118 359.834907 80.188118 379.640935 123.816147 379.640935 123.816147 359.834907 8 0.775898
78.763890 72.894825 31.348672 72.894825 31.348672 170.947608 78.763890 170.947608 1 0.884478
197.268329 54.120470 205.478307 120.985376 309.091023 108.263334 300.881044 41.398428 12 0.867099
220.390618 296.359169 237.902426 323.324987 288.703774 290.334206 271.191966 263.368388 12 0.810638
128.827942 70.735970 129.134197 88.281327 176.924814 87.447139 176.618559 69.901781 8 0.752431
196.830573 54.737049 203.791574 120.966546 309.211775 109.886437 302.250774 43.656940 12 0.804031
197.922680 54.794270 204.879611 120.985052 308.917640 110.050215 301.960709 43.859432 12 0.729893
78.205867 74.302474 32.014315 74.302474 32.014315 170.379010 78.205867 170.379010 1 0.720335
32.888176 364.977408 32.888176 383.322224 74.449450 383.322224 74.449450 364.977408 8 0.825226
175.468932 68.882765 128.895983 68.882765 128.895983 166.568381 175.468932 166.568381 0 0.814636
32.266528 364.817172 32.596323 383.711124 75.557162 382.961240 75.227366 364.067288 8 0.727973
125.096129 383.913666 171.306795 384.720276 172.919188 292.346307 126.708522 291.539696 1 0.839801
125.738567 384.771781 172.833819 385.593831 174.475069 291.566670 127.379818 290.744619 1 0.771214
