95.321444 168.677244 142.801741 172.831231 152.356734 63.617156 104.876438 59.463169 0 0.874937
47.296350 164.115442 92.855207 167.301228 100.187050 62.450991 54.628193 59.265205 1 0.869709
125.027700 378.764749 169.686586 383.458587 178.933987 295.475445 134.275101 290.781607 1 0.818461
34.986940 368.746819 77.001711 372.422635 84.583369 285.763886 42.568598 282.088070 0 0.898270
95.990947 168.033944 144.100137 171.398066 151.588078 64.315526 103.478887 60.951404 0 0.859128
125.041895 378.533916 169.756251 383.233584 178.964518 295.622771 134.250162 290.923103 1 0.825722
47.370944 163.982854 92.963134 167.170971 100.287260 62.431083 54.695070 59.242966 1 0.862509
96.100001 168.252578 144.066733 171.606739 151.581341 64.142837 103.614609 60.788677 0 0.873163
35.939763 369.220784 78.896797 372.224632 84.974247 285.313047 42.017213 282.309199 0 0.873556
80.083071 371.884546 123.406584 376.438030 132.404534 290.828254 89.081021 286.274770 0 0.891334
95.705050 167.900685 143.345896 171.232057 150.808136 64.517050 103.167290 61.185678 0 0.902640
