108.477256 383.438793 156.995593 384.285684 158.634824 290.374199 110.116487 289.527308 1 0.829498
63.264547 70.091753 14.276251 70.091753 14.276251 170.421720 63.264547 170.421720 1 0.879858
63.152819 69.790024 14.131388 69.790024 14.131388 170.449227 63.152819 170.449227 1 0.875868
189.136554 58.663990 200.044380 120.525342 293.401073 104.064038 282.493248 42.202686 12 0.845221
189.056300 59.780663 199.711785 120.210920 293.011371 103.759685 282.355887 43.329428 12 0.793991
229.251001 292.540156 247.077902 319.991176 298.083190 286.867955 280.256289 259.416934 12 0.860644
107.634179 289.505717 64.391225 289.505717 64.391225 378.090750 107.634179 378.090750 0 0.766038
61.402721 70.533851 12.905046 71.380381 14.636133 170.554285 63.133808 169.707755 1 0.753991
109.100723 69.352261 62.561853 70.164600 64.298119 169.635251 110.836989 168.822912 0 0.772380
16.655416 362.285326 16.655416 380.603047 59.724901 380.603047 59.724901 362.285326 8 0.754217
65.305731 357.450376 65.654273 377.418328 106.092559 376.712475 105.744017 356.744523 8 0.821821
63.891625 68.776561 63.891625 88.628327 110.290667 88.628327 110.290667 68.776561 8 0.832485
111.640884 169.072162 158.280358 169.886257 160.019675 70.240856 113.380201 69.426761 0 0.718619
