94.560434 71.295439 94.560434 88.940158 140.307723 88.940158 140.307723 71.295439 8 0.789592
44.209875 360.139967 44.209875 381.284014 87.754136 381.284014 87.754136 360.139967 8 0.798547
375.216552 293.724768 409.120243 298.489621 418.866394 229.142155 384.962703 224.377302 11 0.731844
91.381094 69.370599 43.871829 69.370599 43.871829 169.732358 91.381094 169.732358 0 0.833918
43.857962 359.900187 43.857962 381.556780 87.688535 381.556780 87.688535 359.900187 8 0.831271
-8.911522 168.526617 41.353339 169.403993 43.135474 67.305527 -7.129386 66.428150 1 0.714942
40.381929 290.890114 -5.500090 291.690988 -3.900209 383.348085 41.981810 382.547211 0 0.810781
340.121670 263.723569 339.155241 282.164135 378.425321 284.222193 379.391750 265.781627 12 0.825671
44.197911 68.652199 44.197911 87.978748 88.794079 87.978748 88.794079 68.652199 8 0.827900
94.837264 71.185393 94.837264 88.802208 140.506763 88.802208 140.506763 71.185393 8 0.759819
44.047033 68.534974 43.711565 87.753898 88.948494 88.543512 89.283962 69.324588 8 0.837591
91.248587 68.685117 43.595423 68.685117 43.595423 169.620580 91.248587 169.620580 0 0.903926
