45.280100 369.767376 35.882070 386.721871 72.463589 406.999338 81.861619 390.044843 8 0.770939
27.861858 73.454239 67.170564 98.981610 118.420617 20.063449 79.111911 -5.463923 0 0.784656
72.586032 332.856723 64.029190 346.033106 99.453349 369.037824 108.010192 355.861442 8 0.814045
24.935267 322.647941 58.445776 346.112252 107.742963 275.708572 74.232454 252.244262 0 0.880467
24.419888 323.661942 59.662806 347.433590 108.255542 275.391896 73.012624 251.620248 0 0.820674
122.843589 122.605084 142.450954 136.850669 158.152261 115.239675 138.544895 100.994090 2 0.705248
35.128549 311.940657 26.569327 326.765664 59.514843 345.786766 68.074065 330.961759 8 0.798071
69.845944 100.347358 109.075160 125.823108 163.397669 42.173780 124.168453 16.698029 0 0.850832
35.221844 311.999485 26.674641 326.803674 59.427386 345.713481 67.974589 330.909291 8 0.775586
62.895922 346.118289 98.067025 370.745361 146.788472 301.163924 111.617369 276.536853 0 0.913735
63.240940 346.351174 98.366880 370.946622 147.300705 301.061877 112.174765 276.466429 0 0.863180
