21.918815 311.689385 12.025281 327.522348 47.116950 349.450057 57.010483 333.617093 8 0.808269
60.973555 336.355728 50.832049 350.839299 86.094990 375.530677 96.236496 361.047105 8 0.806217
237.632224 289.162815 251.386355 312.985668 310.178145 279.042212 296.424015 255.219358 12 0.763893
256.820792 57.906106 257.565668 79.236560 313.342089 77.288804 312.597213 55.958350 12 0.848026
11.841430 268.080901 30.390131 282.572735 46.437667 262.032826 27.888965 247.540992 2 0.756421
61.916728 336.774086 51.726110 351.327796 86.028386 375.346508 96.219003 360.792798 8 0.775499
21.771451 312.101938 12.075967 327.617956 47.154313 349.537339 56.849797 334.021321 8 0.721027
49.512460 349.328495 85.011716 376.079103 139.246969 304.106492 103.747712 277.355884 0 0.918708
61.173996 336.623715 51.159454 351.470884 87.271754 375.828937 97.286296 360.981769 8 0.789436
26.917939 73.410398 64.370831 99.635196 119.593204 20.769475 82.140311 -5.455323 0 0.851151
67.019851 101.742792 103.077485 126.990618 159.857563 45.900263 123.799929 20.652437 0 0.882623
21.676000 311.419164 11.842471 327.156100 47.181355 349.238285 57.014884 333.501350 8 0.819438
21.972925 312.296371 12.299627 327.776884 46.917772 349.408702 56.591070 333.928189 8 0.700611
66.832186 101.631454 103.730482 127.467919 159.250467 48.177163 122.352171 22.340698 0 0.806708
125.146962 17.055421 114.837654 32.339598 149.027159 55.400710 159.336466 40.116533 8 0.755626
84.061867 -9.747894 74.096623 6.199830 110.215442 28.769373 120.180686 12.821648 8 0.736354
238.652432 288.689674 251.956285 311.732625 309.051262 278.768825 295.747408 255.725874 12 0.855848
