34.776208 311.488684 26.398415 326.602623 60.212644 345.346156 68.590438 330.232217 8 0.725744
24.167261 322.557750 58.360311 346.499982 108.383912 275.058876 74.190862 251.116644 0 0.879202
72.619053 332.538762 64.378161 345.726946 99.430104 367.629831 107.670996 354.441647 8 0.800298
22.697690 269.999740 41.438779 283.615938 55.868793 263.754727 37.127704 250.138529 2 0.829083
24.193175 323.745561 59.209668 347.364483 108.136925 274.826842 73.120432 251.207919 0 0.831761
24.378900 322.766365 58.353255 346.555464 108.460026 274.995580 74.485671 251.206480 0 0.922435
22.415568 270.454361 41.149792 284.065571 55.995414 263.632326 37.261190 250.021116 2 0.725070
72.761563 332.556148 64.157680 346.325238 98.640071 367.872227 107.243953 354.103137 8 0.747355
27.783537 73.750379 66.507066 98.897733 118.974530 18.104924 80.251000 -7.042430 0 0.725676
25.664041 322.792292 59.371648 345.528360 106.687340 275.379962 72.979733 252.643894 0 0.920228
