86.173497 379.388998 130.430230 380.161502 131.980192 291.364235 87.723459 290.591730 0 0.895415
84.080713 170.130589 130.565393 170.941982 132.314967 70.708974 85.830287 69.897580 0 0.899728
130.561388 380.596929 176.180170 382.189972 179.254608 294.149588 133.635826 292.556545 1 0.846501
40.105612 364.167888 40.105612 382.902852 82.206391 382.902852 82.206391 364.167888 8 0.803959
84.036543 170.002151 131.302347 170.827179 133.047160 70.866946 85.781355 70.041918 0 0.900554
130.397294 291.264772 86.434697 291.264772 86.434697 379.271760 130.397294 379.271760 0 0.854075
345.421239 263.244819 343.343451 283.013654 394.122380 288.350735 396.200168 268.581900 12 0.817868
86.570304 359.858444 86.570304 379.971440 129.714966 379.971440 129.714966 359.858444 8 0.825401
86.842238 359.856808 86.842238 380.472009 129.852525 380.472009 129.852525 359.856808 8 0.855961
134.341086 166.706849 181.441104 167.528983 183.159220 69.098182 136.059202 68.276048 0 0.754926
232.188233 -0.343510 201.310824 4.546991 215.573912 94.600586 246.451322 89.710085 11 0.769787
131.027382 380.427282 176.136735 382.002536 179.220935 293.682601 134.111582 292.107347 1 0.849643
