192.733637 55.566942 200.763623 120.965929 305.779378 108.071615 297.749393 42.672629 12 0.748962
193.456454 55.331573 201.523928 121.035880 305.719671 108.242251 297.652197 42.537945 12 0.886996
76.990174 359.991919 76.990174 380.456561 119.194002 380.456561 119.194002 359.991919 8 0.758724
225.272210 296.277623 242.618755 321.994934 290.285252 289.843476 272.938707 264.126166 12 0.792634
224.005379 297.117501 242.225041 322.194714 289.445862 287.886779 271.226201 262.809566 12 0.786061
194.174537 55.366650 201.039039 120.678026 306.379728 109.606274 299.515226 44.294898 12 0.718269
74.296821 169.320487 120.385231 170.124963 122.112832 71.150736 76.024423 70.346260 0 0.850539
77.075812 359.423092 77.075812 380.762355 118.894727 380.762355 118.894727 359.423092 8 0.727988
224.048876 296.467498 241.342983 322.107066 290.081157 289.232752 272.787050 263.593185 12 0.843177
119.298850 289.662666 74.929104 290.437142 76.502947 380.602557 120.872693 379.828081 0 0.785489
28.391095 363.642290 28.391095 381.998790 70.739211 381.998790 70.739211 363.642290 8 0.811171
76.944991 359.573481 77.292445 379.479130 118.671695 378.756853 118.324240 358.851203 8 0.715683
