54.424965 103.906287 94.286295 126.920237 146.166591 37.060927 106.305261 14.046978 0 0.827661
71.691951 333.985606 63.629880 347.949523 98.141299 367.874700 106.203370 353.910783 8 0.800210
18.474360 274.814713 36.678289 287.093419 50.263685 266.952241 32.059755 254.673536 2 0.706773
241.759762 59.564423 244.083031 81.668846 301.154855 75.670355 298.831586 53.565932 12 0.863341
22.450107 326.939504 57.615496 348.913277 103.675890 275.201238 68.510502 253.227464 0 0.905006
109.717545 123.865579 129.776538 135.918238 143.080735 113.776336 123.021742 101.723676 2 0.747086
12.341162 79.201615 51.943822 102.066222 100.250632 18.396372 60.647971 -4.468234 0 0.726407
53.561626 104.114576 94.027724 127.477689 147.060115 35.622894 106.594017 12.259781 0 0.876530
61.106823 348.339004 97.699214 371.204467 143.031453 298.657721 106.439062 275.792257 0 0.876054
22.872747 326.709974 57.872519 348.580260 103.455088 275.632902 68.455315 253.762616 0 0.888878
121.129736 102.191509 108.979962 122.412129 131.301193 135.824078 143.450968 115.603458 2 0.790051
109.431014 124.077984 129.500010 136.136653 142.850925 113.917000 122.781929 101.858330 2 0.771248
18.040632 275.428179 37.092267 287.800455 50.525086 267.115728 31.473451 254.743452 2 0.779026
54.171894 103.596367 94.636998 126.958906 147.225653 35.872684 106.760548 12.510145 0 0.879747
53.221828 103.980674 94.274353 127.682360 146.094088 37.927946 105.041563 14.226260 0 0.770504
23.389920 326.297687 58.156750 348.022414 103.258192 275.845019 68.491362 254.120293 0 0.865580
