46.746352 165.940298 92.610814 168.343952 97.958771 66.298847 52.094309 63.895192 1 0.876114
126.572110 378.745300 171.091407 381.858393 177.184234 294.726908 132.664937 291.613815 1 0.788164
93.355089 168.940876 141.283575 172.292362 148.835534 64.294324 100.907048 60.942838 0 0.893413
81.824097 373.010218 125.157520 376.040386 131.165502 290.122231 87.832080 287.092063 0 0.814333
93.651029 168.750756 141.676645 172.109034 149.211031 64.362291 101.185415 61.004013 0 0.726673
45.062709 165.988755 91.466388 169.233616 98.729556 65.365488 52.325876 62.120627 1 0.855467
93.210594 169.062856 141.469870 172.437473 149.035440 64.244784 100.776164 60.870167 0 0.895249
6.190941 330.623512 30.748957 331.910543 32.201716 304.190252 7.643700 302.903221 2 0.712067
5.986693 330.444529 30.480434 331.728192 31.926194 304.141441 7.432454 302.857778 2 0.760920
46.938330 165.912238 92.812704 168.316412 98.143255 66.603447 52.268881 64.199273 1 0.874738
94.366277 169.816239 142.736327 172.351206 148.387505 64.520297 100.017455 61.985330 0 0.848679
