29.003254 72.024633 63.816820 98.258537 118.928874 25.122371 84.115308 -1.111533 0 0.848617
116.031262 124.400752 133.581788 138.112726 148.605434 118.883337 131.054908 105.171363 2 0.778545
2.427075 322.989098 37.404069 350.316120 95.390515 276.096854 60.413521 248.769831 0 0.907079
65.660519 100.171138 100.268481 127.209842 159.806711 51.004382 125.198749 23.965679 0 0.887586
3.426879 323.278502 38.335750 349.584223 94.601674 274.916820 59.692803 248.611099 0 0.914656
42.497970 348.661261 77.894979 376.316435 133.301995 305.398688 97.904986 277.743514 0 0.771598
29.332027 71.998223 63.454190 98.657378 119.507258 26.912723 85.385095 0.253567 0 0.816042
13.428567 310.459071 3.014314 326.495614 39.342206 350.087223 49.756459 334.050680 8 0.735837
115.952316 124.681023 133.279220 138.218284 148.039093 119.326508 130.712189 105.789248 2 0.745511
28.334428 71.563686 63.147179 98.762387 119.598970 26.507389 84.786219 -0.691313 0 0.841602
66.206395 99.529200 100.646331 126.436627 160.211965 50.196091 125.772029 23.288664 0 0.804803
