304.100026 59.978522 304.100026 75.234834 323.848756 75.234834 323.848756 59.978522 12 0.779897
13.147920 362.524069 13.467392 380.826646 56.487304 380.075731 56.167831 361.773154 8 0.808750
317.287976 255.394829 319.830652 271.448651 343.574164 267.688048 341.031488 251.634226 12 0.721914
304.223823 60.019294 304.485931 75.035448 323.413363 74.705068 323.151255 59.688914 12 0.726761
12.772481 362.625283 13.090403 380.839030 56.514103 380.081066 56.196181 361.867319 8 0.796094
230.038484 289.569655 248.386117 318.932006 300.104268 286.614919 281.756635 257.252567 12 0.795937
57.467216 290.150890 13.333130 290.921253 14.902746 380.844449 59.036832 380.074085 0 0.893710
108.793092 168.705361 154.765893 169.507819 156.481100 71.243682 110.508298 70.441223 0 0.894618
229.938072 289.886605 248.050325 318.872270 300.239545 286.260826 282.127292 257.275161 12 0.869182
230.713946 290.204181 248.643958 318.898199 300.338419 286.595914 282.408407 257.901897 12 0.869319
57.228061 289.713291 13.833931 290.470738 15.383007 379.217241 58.777137 378.459793 0 0.700992
61.435674 68.366084 61.098045 87.708870 106.184803 88.495862 106.522433 69.153077 8 0.852433
107.977483 168.519172 154.412391 169.329697 156.128037 71.040422 109.693129 70.229898 0 0.845613
106.365327 70.424658 59.709191 70.424658 59.709191 169.231663 106.365327 169.231663 0 0.904624
