33.107718 328.199013 27.226545 345.279181 64.601515 358.148415 70.482689 341.068248 8 0.822883
33.430162 327.807687 27.555443 344.869109 65.248735 357.847950 71.123454 340.786528 8 0.737111
210.315153 68.312850 214.879427 89.786069 273.761131 77.270377 269.196857 55.797157 12 0.842225
20.780520 119.827625 62.996819 136.032944 97.344518 46.554131 55.128219 30.348812 0 0.819373
8.954907 296.936974 31.952419 306.228572 42.664879 279.714301 19.667368 270.422703 2 0.771757
67.248119 359.419812 106.700124 375.359456 139.007993 295.394674 99.555988 279.455029 0 0.890977
66.885921 360.193276 106.826997 376.330519 139.841937 294.615676 99.900860 278.478433 0 0.902374
20.715849 119.924990 63.017447 136.163052 97.397298 46.600478 55.095700 30.362416 0 0.823636
67.846732 359.296808 108.110968 375.564616 140.562653 295.243878 100.298417 278.976071 0 0.767333
353.732293 53.093672 345.127208 97.362996 412.208439 110.402266 420.813524 66.132942 12 0.837387
399.776287 208.721318 358.969985 211.574772 364.039874 284.077558 404.846175 281.224103 11 0.737487
227.876494 297.529378 240.409982 318.388604 297.229536 284.247972 284.696048 263.388745 12 0.850443
10.089172 295.666151 31.611013 304.801630 42.180482 279.901523 20.658641 270.766043 2 0.738306
25.112707 345.283327 63.846632 360.932848 97.212427 278.349608 58.478502 262.700086 0 0.899905
