83.892729 170.051575 131.916644 170.889836 133.749586 65.880667 85.725671 65.042407 0 0.884355
135.119136 169.019078 184.715903 169.884793 186.523362 66.335559 136.926595 65.469844 0 0.824683
85.565984 376.278459 129.241012 377.040810 130.753862 290.369651 87.078835 289.607300 0 0.907522
83.742594 169.871830 131.724395 170.709355 133.551863 66.013759 85.570062 65.176233 0 0.893466
82.957315 288.680327 40.507868 288.680327 40.507868 377.019022 82.957315 377.019022 0 0.772024
84.231547 170.439750 131.720025 171.268665 133.567469 65.428646 86.078992 64.599731 0 0.896758
344.304682 263.266957 342.543064 283.402339 392.722072 287.792434 394.483690 267.657051 12 0.860332
135.299134 166.269299 185.033672 167.137419 186.807131 65.536016 137.072593 64.667896 0 0.742297
84.437728 170.040594 131.393796 170.860215 133.237225 65.250272 86.281157 64.430651 0 0.805169
39.406492 377.224067 81.749045 377.963159 83.297315 289.262877 40.954762 288.523785 0 0.834592
40.884455 358.982851 40.884455 376.485666 81.469558 376.485666 81.469558 358.982851 8 0.808399
83.387344 169.242323 131.554466 170.083083 133.375719 65.743530 85.208598 64.902769 0 0.906902
