134.163088 168.557169 181.317173 169.380247 183.056067 69.759116 135.901981 68.936038 0 0.835799
85.975674 379.399961 130.219518 380.172241 131.772800 291.184730 87.528956 290.412451 0 0.888992
131.213286 381.838892 176.567880 383.422710 179.721665 293.110133 134.367070 291.526316 1 0.716786
39.885483 364.390352 39.885483 383.162150 81.240597 383.162150 81.240597 364.390352 8 0.770896
130.546042 291.291647 86.619936 291.291647 86.619936 379.459339 130.546042 379.459339 0 0.852843
88.047976 69.897098 87.728827 88.181102 131.966052 88.953266 132.285201 70.669262 8 0.841956
84.158534 290.382188 40.144276 290.382188 40.144276 381.308010 84.158534 381.308010 0 0.850029
83.151091 169.815133 130.574916 170.642919 132.329098 70.145896 84.905273 69.318110 0 0.902519
86.681531 360.242042 86.681531 380.134374 130.066169 380.134374 130.066169 360.242042 8 0.789407
344.576053 263.548199 342.854878 283.221330 394.065817 287.701707 395.786993 268.028576 12 0.812539
87.027137 360.624585 87.027137 381.020647 130.412637 381.020647 130.412637 360.624585 8 0.801318
36.065714 170.120212 83.301422 170.944714 85.034786 71.640340 37.799079 70.815838 1 0.880642
85.019488 72.195779 37.568157 72.195779 37.568157 170.836020 85.019488 170.836020 1 0.832741
