26.761161 350.374446 66.947807 363.431879 94.191228 279.585250 54.004582 266.527817 0 0.899880
88.186929 151.739695 132.677608 166.195592 162.235860 75.224647 117.745181 60.768749 1 0.840259
26.892373 350.713995 66.331387 363.528507 93.622762 279.534290 54.183748 266.719778 0 0.845249
26.848746 350.180135 66.814556 363.165814 93.951579 279.646645 53.985769 266.660966 0 0.899501
298.987261 10.572331 280.127732 11.891118 284.204031 70.184909 303.063560 68.866123 11 0.746985
89.005743 151.843236 133.059465 166.157158 162.230163 76.378980 118.176441 62.065058 1 0.735782
299.369871 9.041451 279.307894 10.444321 283.442128 69.566621 303.504105 68.163751 11 0.753403
9.290447 125.390584 52.132461 139.310798 80.033465 53.440337 37.191451 39.520122 1 0.806263
400.494694 267.921746 393.448753 292.493863 453.230135 309.635898 460.276076 285.063782 12 0.808981
111.334084 380.189888 152.743867 394.448419 181.822583 309.997694 140.412801 295.739162 1 0.729229
32.519458 333.733254 27.651795 351.899621 67.680335 362.625236 72.547998 344.458869 8 0.764862
8.984018 124.772136 52.693110 138.974081 80.447008 53.556368 36.737916 39.354423 1 0.772837
