20.377783 273.331519 40.327163 287.825592 55.785965 266.548375 35.836585 252.054303 2 0.791764
320.313341 67.266767 333.837213 67.739031 335.361995 24.075008 321.838122 23.602744 11 0.741625
60.869770 352.758850 97.774028 377.651087 148.642067 302.236117 111.737809 277.343881 0 0.870074
28.839115 76.793756 66.412796 101.194390 118.320249 21.263922 80.746568 -3.136712 0 0.852529
23.117421 328.484587 58.718609 352.497891 109.487686 277.229640 73.886497 253.216335 0 0.844320
69.488091 103.053636 107.892750 127.051531 160.645686 42.629185 122.241027 18.631291 0 0.704477
22.246597 328.076258 58.493450 352.525068 109.623097 276.722250 73.376244 252.273439 0 0.805729
71.962424 339.829032 63.165340 354.469838 100.419765 376.854555 109.216849 362.213749 8 0.793257
32.512311 315.638193 23.133424 331.882901 59.406675 352.825272 68.785561 336.580564 8 0.864272
124.166195 17.273880 114.074716 34.068922 150.307143 55.839560 160.398622 39.044519 8 0.772679
120.295162 125.432865 139.139841 138.628051 153.586433 117.996180 134.741753 104.800993 2 0.712489
23.735325 329.212092 58.951613 352.081817 108.189996 276.261357 72.973708 253.391632 0 0.785782
