120.842280 124.935584 138.599111 138.316316 153.429910 118.635180 135.673080 105.254448 2 0.737969
319.864187 67.330286 334.476964 67.585353 335.236325 24.081612 320.623548 23.826545 11 0.741980
28.035161 75.605613 65.524829 100.892713 118.070863 22.990015 80.581195 -2.297085 0 0.836309
27.320036 75.808452 64.815648 101.099561 117.719412 22.666505 80.223800 -2.624604 0 0.801573
28.352966 76.586205 65.901061 100.970222 117.245828 21.906215 79.697733 -2.477803 0 0.849343
68.841267 103.673104 106.536282 128.152532 158.729402 47.782176 121.034387 23.302747 0 0.792546
68.305773 102.958782 104.806042 127.578524 159.660466 46.253496 123.160197 21.633754 0 0.888636
68.223369 102.507954 105.277191 127.501073 160.284431 45.949487 123.230608 20.956369 0 0.871391
20.082643 272.758018 39.732242 287.034288 55.383766 265.491815 35.734166 251.215545 2 0.796083
30.961729 314.773093 21.619014 330.955149 58.316332 352.142356 67.659047 335.960299 8 0.779419
22.658330 327.190142 57.451931 350.658723 107.209809 276.889635 72.416207 253.421055 0 0.883146
