81.802501 350.876287 80.377032 371.261436 122.000144 374.172007 123.425613 353.786859 8 0.842069
124.182218 379.665979 169.883286 384.469354 179.142331 296.375423 133.441263 291.572047 1 0.725978
49.820515 163.988157 97.364894 167.312784 104.253531 68.800686 56.709152 65.476059 1 0.874651
35.937741 367.026460 77.657574 370.676472 85.148654 285.053030 43.428822 281.403017 0 0.889243
254.094683 -4.105526 227.441293 -0.359636 239.406330 84.776025 266.059720 81.030135 11 0.742845
124.213749 379.350308 169.964368 384.158892 179.185465 296.426017 133.434846 291.617433 1 0.732990
37.320615 350.157986 36.341396 368.842603 75.935112 370.917621 76.914331 352.233005 8 0.755224
79.818267 371.537437 122.763789 376.051193 131.719978 290.838748 88.774456 286.324992 0 0.895321
357.320092 263.207674 354.314389 284.594365 410.337697 292.467928 413.343401 271.081237 12 0.853276
97.357459 167.428160 145.457436 172.483671 156.578060 66.678004 108.478082 61.622493 0 0.840903
98.219843 167.628374 146.570194 171.858481 155.685011 67.675649 107.334660 63.445542 0 0.900868
112.090701 63.333131 110.595465 84.716000 156.783694 87.945796 158.278930 66.562927 8 0.759312
