142.576304 70.190175 96.597150 70.190175 96.597150 170.142683 142.576304 170.142683 0 0.906710
340.245126 265.125701 339.357132 282.069651 378.700909 284.131571 379.588904 267.187621 12 0.779003
139.085903 288.416172 91.147727 289.252936 92.778431 382.675891 140.716607 381.839127 1 0.846799
44.712792 69.717295 -5.244979 70.589311 -3.502545 170.413276 46.455226 169.541260 1 0.755918
90.327185 288.782445 46.457729 289.548190 48.057219 381.182900 91.926675 380.417156 0 0.867506
44.216773 290.370029 -1.899984 291.175000 -0.265982 384.786939 45.850776 383.981968 0 0.835346
93.427677 69.478993 46.194747 70.303447 47.920172 169.152966 95.153102 168.328512 0 0.859764
47.105277 359.458325 47.472078 380.472343 90.639950 379.718845 90.273149 358.704827 8 0.734506
143.962490 139.094996 143.962490 159.207985 165.801254 159.207985 165.801254 139.094996 2 0.716451
47.508523 359.063065 47.876458 380.142009 90.321372 379.401130 89.953437 358.322186 8 0.847311
-5.075917 169.200955 45.072181 170.076294 46.813216 70.332466 -3.334882 69.457127 1 0.830219
47.712264 69.363584 47.712264 88.423402 92.448502 88.423402 92.448502 69.363584 8 0.793712
98.743967 70.657731 99.050870 88.240185 143.825197 87.458646 143.518294 69.876192 8 0.735422
