32.479540 170.035203 79.919730 170.863274 81.618650 73.532168 34.178461 72.704096 1 0.784854
128.286584 383.608910 174.203586 385.212367 177.410777 293.370415 131.493775 291.766958 1 0.717677
219.292492 298.257800 237.039012 324.568098 287.574834 290.481256 269.828314 264.170958 12 0.817607
200.491933 54.381467 207.496612 121.026535 311.308475 110.115469 304.303796 43.470400 12 0.843293
83.216698 359.058101 83.216698 379.634047 127.840160 379.634047 127.840160 359.058101 8 0.759328
80.386421 169.894722 127.401629 170.715376 129.153288 70.362899 82.138080 69.542246 0 0.819405
200.769316 54.406329 207.774430 121.055538 311.120214 110.193458 304.115100 43.544249 12 0.848984
219.591554 297.950720 236.810515 324.465595 287.557329 291.510228 270.338369 264.995354 12 0.796350
126.535218 290.304928 82.593175 290.304928 82.593175 378.128415 126.535218 378.128415 0 0.823664
202.300602 52.517600 208.245354 120.466428 310.754348 111.498053 304.809596 43.549225 12 0.894905
84.002135 70.080509 84.002135 89.839208 129.306679 89.839208 129.306679 70.080509 8 0.830842
128.804706 382.397307 173.707154 383.181082 175.284768 292.799636 130.382320 292.015861 1 0.814476
80.205853 73.481593 32.945547 74.306525 34.644116 171.617457 81.904422 170.792525 1 0.716250
