33.066048 330.784867 19.207882 346.726863 53.631701 376.651032 67.489867 360.709037 8 0.803725
-3.560567 300.653029 -16.801407 315.884872 16.077139 344.465756 29.317978 329.233912 8 0.703153
366.495255 240.933280 367.975865 262.106983 394.663573 260.240796 393.182963 239.067094 12 0.787509
398.217970 62.451171 384.616727 99.820279 441.650387 120.578834 455.251630 83.209725 12 0.880795
66.493228 97.248426 97.951669 125.573733 159.628916 57.074210 128.170475 28.748903 0 0.842512
260.037713 58.617659 260.403052 79.547909 316.051765 78.576557 315.686426 57.646307 12 0.837664
-4.646040 301.145488 -17.622349 316.610051 16.231848 345.017096 29.208157 329.552533 8 0.772219
-17.395402 312.847604 15.789253 343.792795 81.691198 273.121611 48.506543 242.176420 0 0.882928
-17.096531 314.523781 16.167015 344.474411 81.259838 272.181507 47.996293 242.230876 0 0.844748
-6.330101 257.278655 9.685810 272.213733 26.947805 253.702509 10.931894 238.767431 2 0.708320
260.149757 58.599679 260.516241 79.595576 315.878441 78.629225 315.511957 57.633328 12 0.838581
254.141497 278.127458 266.935519 304.359092 330.427859 273.391809 317.633836 247.160175 12 0.842595
352.140600 93.501914 383.652572 99.058325 396.215070 27.812854 364.703098 22.256444 11 0.833033
