65.543765 98.703659 98.672371 126.501860 159.190275 54.379430 126.061669 26.581229 0 0.862779
-10.423682 317.038132 23.194188 346.261701 86.987307 272.876113 53.369436 243.652544 0 0.768437
6.482454 372.683406 -7.927337 390.478016 27.748353 419.367620 42.158144 401.573011 8 0.732897
27.878390 346.737171 62.475037 375.767205 122.330397 304.434365 87.733749 275.404331 0 0.912156
-9.301417 316.118738 24.170355 345.215305 86.590876 273.408710 53.119104 244.312142 0 0.900895
1.304896 305.550758 -9.898071 320.417598 24.719288 346.503650 35.922256 331.636809 8 0.756245
65.255830 98.067730 99.625964 126.907696 159.461414 55.598584 125.091280 26.758617 0 0.854829
29.377841 68.328549 63.737602 97.159812 120.914104 29.019511 86.554343 0.188248 0 0.809661
27.127187 347.834028 61.313719 376.519934 122.304896 303.833480 88.118364 275.147574 0 0.775206
28.558424 345.039158 62.582747 374.616051 122.412776 305.789476 88.388452 276.212583 0 0.876562
27.499411 346.233116 61.430206 375.728706 123.027277 304.869382 89.096482 275.373792 0 0.902465
