120.221772 124.960889 138.339275 138.613406 153.480047 118.520924 135.362544 104.868407 2 0.731320
59.335638 352.104825 95.197713 377.215720 147.237269 302.895532 111.375194 277.784637 0 0.901953
67.769339 102.431995 104.951670 127.511795 159.407516 46.777683 122.225185 21.697883 0 0.873268
68.026723 102.277789 104.795428 127.078594 159.303648 46.266835 122.534942 21.466030 0 0.834478
30.316641 315.265625 21.068772 330.656665 56.987788 352.238988 66.235658 336.847948 8 0.836985
67.922796 102.697286 105.064147 127.749444 158.392295 48.687214 121.250943 23.635056 0 0.828982
67.440875 103.057628 104.577088 128.106320 159.628937 46.488597 122.492725 21.439905 0 0.878050
19.240282 328.450284 55.561100 352.948985 107.460868 276.004415 71.140049 251.505714 0 0.873790
124.578715 16.949390 114.075434 33.123025 149.386736 56.054452 159.890017 39.880817 8 0.701707
19.873514 328.225796 55.840694 352.485965 107.284650 276.217164 71.317470 251.956995 0 0.904999
17.633767 272.707333 37.478606 287.125453 53.471339 265.113345 33.626499 250.695225 2 0.750051
