31.708776 264.900609 31.708776 310.116190 141.233721 310.116190 141.233721 264.900609 1 0.741536
62.136067 120.825159 111.634885 122.553696 114.829676 31.066872 65.330857 29.338335 0 0.817339
31.764570 265.056999 31.764570 310.025216 141.155812 310.025216 141.155812 265.056999 1 0.738651
12.127480 119.848585 58.075811 121.453136 61.173333 32.751719 15.225001 31.147168 0 0.716368
61.737225 119.843384 111.124573 121.568028 114.307300 30.426650 64.919952 28.702006 0 0.859016
116.124636 122.633889 162.846467 124.265451 165.987822 34.308796 119.265992 32.677234 0 0.798256
61.675275 121.336295 111.147332 123.063898 114.398914 29.950779 64.926857 28.223177 0 0.867076
188.524673 74.143825 200.570270 94.191065 225.651522 79.120728 213.605926 59.073488 12 0.707743
61.846154 121.464868 110.250415 123.155182 113.452947 31.446665 65.048686 29.756351 0 0.807802
11.957150 120.522299 58.250287 122.138891 61.387122 32.311683 15.093985 30.695091 0 0.750848
