105.871904 264.493024 85.671335 264.845626 86.049911 286.534255 106.250480 286.181653 2 0.720929
411.135641 274.302865 405.058287 296.983858 447.187319 308.272298 453.264672 285.591305 12 0.754554
410.720810 274.239299 404.560039 297.231607 448.113683 308.901770 454.274453 285.909463 12 0.738558
106.036086 264.008082 86.141879 264.355336 86.519435 285.985478 106.413642 285.638223 2 0.712868
401.676961 59.528815 392.344814 86.631338 450.925300 106.802217 460.257447 79.699694 12 0.811875
253.861840 48.106701 240.800419 50.645584 247.693879 86.109360 260.755300 83.570477 11 0.725916
112.194305 102.732832 158.975377 103.549399 160.516701 15.247012 113.735629 14.430446 0 0.722723
37.430376 99.400485 82.518359 100.974992 85.349985 19.887825 40.262002 18.313318 0 0.732250
36.782149 99.559659 81.564318 101.906593 85.916316 18.865519 41.134147 16.518585 0 0.810737
85.700548 286.120991 106.153278 286.477995 106.531116 264.831645 86.078386 264.474641 2 0.714912
