108.553425 98.737460 158.932278 99.616826 160.460702 12.053485 110.081849 11.174119 0 0.866351
282.539608 4.767262 259.485620 8.418655 270.233565 76.278507 293.287553 72.627114 11 0.835027
372.212635 297.701750 409.638062 307.032957 433.081915 213.004798 395.656488 203.673591 11 0.797148
279.440952 246.763330 281.129720 260.517241 304.897592 257.598914 303.208824 243.845003 12 0.725951
108.068057 98.959530 158.200834 100.710205 161.300974 11.933817 111.168197 10.183142 0 0.869542
216.507139 254.208086 223.551742 282.462443 284.022395 267.385416 276.977793 239.131058 12 0.868982
308.910003 244.407956 308.910003 258.549564 338.624842 258.549564 338.624842 244.407956 12 0.796777
107.654414 100.235935 157.391614 101.972796 160.515921 12.504352 110.778721 10.767491 0 0.721688
205.119127 66.521426 215.295348 88.344402 267.380318 64.056781 257.204097 42.233805 12 0.859253
279.244343 246.767886 280.941400 260.589311 305.099461 257.623074 303.402403 243.801649 12 0.722389
57.834998 101.768942 103.112330 102.559261 104.753443 8.539933 59.476111 7.749614 0 0.783466
