237.813983 9.022440 217.662880 14.421912 235.878227 82.402510 256.029329 77.003039 11 0.774643
391.532355 80.697434 408.341695 86.815533 426.582716 36.698739 409.773376 30.580639 11 0.704927
237.531846 9.588244 217.279589 15.014820 235.477313 82.929648 255.729569 77.503072 11 0.782648
234.577595 244.190237 239.507622 279.269200 315.152798 268.637964 310.222772 233.559001 12 0.816311
31.400449 242.985443 31.400449 287.464246 143.439278 287.464246 143.439278 242.985443 1 0.755730
114.829966 98.758226 162.867132 100.435720 165.678997 19.914445 117.641831 18.236950 0 0.777218
416.632440 62.666173 408.078845 75.837554 434.178185 92.786664 442.731780 79.615283 12 0.780326
322.779115 243.749375 322.236419 259.290156 354.678690 260.423065 355.221386 244.882284 12 0.773651
235.546532 243.639382 239.826207 278.494540 314.670598 269.304804 310.390923 234.449646 12 0.824846
417.356959 63.388849 408.808459 76.552383 434.447979 93.202882 442.996478 80.039347 12 0.766236
