93.199560 288.222735 52.034865 289.660238 54.881726 371.183685 96.046422 369.746182 0 0.726211
92.184578 288.078659 51.102865 289.513264 53.997326 372.399775 95.079039 370.965170 0 0.731679
234.537544 273.454404 249.653710 310.868227 306.003404 288.101473 290.887239 250.687650 12 0.804816
52.613233 74.068665 52.613233 91.030801 94.405304 91.030801 94.405304 74.068665 8 0.710500
189.350030 69.736164 207.230838 118.863281 285.770706 90.277107 267.889898 41.149990 12 0.722812
47.514991 289.104261 3.717901 290.633689 6.701411 376.070225 50.498501 374.540797 0 0.823527
141.110975 75.711830 98.731315 77.191761 101.952268 169.427786 144.331928 167.947856 0 0.741836
47.359534 288.619490 3.611437 290.147207 6.637319 376.797133 50.385416 375.269415 0 0.800814
141.204794 73.911169 97.827735 75.425930 101.151297 170.600290 144.528356 169.085530 0 0.843232
94.240302 73.972012 49.323867 75.540529 52.628125 170.162087 97.544560 168.593571 0 0.716583
142.827915 75.443778 98.852795 76.979423 102.169682 171.962633 146.144802 170.426988 0 0.828843
