92.513983 170.392978 137.250883 171.173863 138.865093 78.695840 94.128193 77.914955 0 0.817446
92.717264 169.621408 137.158672 170.397136 138.749263 79.272256 94.307855 78.496528 0 0.728368
46.864482 73.171229 46.864482 90.555991 89.002342 90.555991 89.002342 73.171229 8 0.770834
374.773571 291.484439 407.768842 297.302395 419.615467 230.116843 386.620196 224.298887 11 0.832763
84.622542 288.552405 43.006946 289.278808 44.450644 371.988205 86.066240 371.261802 0 0.792065
44.917000 170.593818 89.223483 171.367190 90.858231 77.712516 46.551748 76.939144 0 0.870839
92.937299 170.361710 137.502916 171.139606 139.106745 79.256347 94.541127 78.478452 0 0.792575
134.401754 287.656960 88.623901 288.456016 90.132215 374.867279 135.910069 374.068224 1 0.717598
340.521827 261.615148 339.227663 280.122567 378.486766 282.867831 379.780931 264.360412 12 0.751474
41.637732 288.254461 -1.001119 288.254461 -1.001119 373.120820 41.637732 373.120820 0 0.713111
