49.304668 287.778517 5.016843 288.551564 6.544632 376.078515 50.832457 375.305468 0 0.805865
51.520855 171.202267 96.345396 172.767575 99.703101 76.615465 54.878560 75.050157 0 0.865975
4.827813 169.722436 50.392391 170.517769 52.072753 74.249895 6.508175 73.454563 1 0.862656
145.789224 75.097701 101.208263 75.875865 102.768861 165.282435 147.349821 164.504271 0 0.718227
191.649980 68.279160 208.181394 116.289870 283.568528 90.331998 267.037115 42.321288 12 0.758822
191.679608 69.842906 209.473086 118.730085 283.719002 91.706781 265.925524 42.819603 12 0.765767
51.644795 171.629848 97.014171 172.421773 98.707151 75.431025 53.337775 74.639099 0 0.853721
140.811453 289.382703 96.983503 290.913209 99.947118 375.780036 143.775068 374.249531 1 0.779354
49.162046 288.309347 5.303171 289.074907 6.792430 374.394501 50.651305 373.628942 0 0.730341
51.571424 170.293243 96.461668 171.076805 98.135573 75.178849 53.245329 74.395287 0 0.881785
140.992707 289.223562 96.728914 290.769288 99.670766 375.012914 143.934560 373.467188 1 0.748363
148.065396 77.014482 100.533733 77.014482 100.533733 171.262656 148.065396 171.262656 0 0.767408
