6.388062 373.505335 49.191829 374.252478 50.679120 289.045671 7.875352 288.298529 0 0.850662
53.356545 72.802662 53.356545 90.436503 97.396468 90.436503 97.396468 72.802662 8 0.729399
97.623881 74.882814 52.888886 74.882814 52.888886 169.329026 97.623881 169.329026 0 0.864613
93.293199 288.938249 52.424783 289.651610 53.858989 371.817218 94.727405 371.103857 0 0.858553
6.312925 373.364682 49.304779 374.115108 50.789499 289.055577 7.797644 288.305151 0 0.832531
142.353375 290.080541 97.461185 290.864137 98.910439 373.891823 143.802629 373.108227 1 0.728248
97.380191 73.471551 53.496974 73.471551 53.496974 167.695608 97.380191 167.695608 0 0.832068
55.630516 356.498675 55.630516 374.381359 94.708411 374.381359 94.708411 356.498675 8 0.768042
341.101000 262.690825 339.836693 280.771259 381.583751 283.690498 382.848058 265.610064 12 0.814411
379.457726 296.045048 417.554785 302.079029 429.433074 227.082465 391.336015 221.048484 11 0.758878
