94.596760 287.283321 53.254812 288.727014 56.073888 369.454769 97.415836 368.011076 0 0.724342
100.587024 74.471968 54.899861 74.471968 54.899861 171.364986 100.587024 171.364986 0 0.889239
380.893471 296.834955 418.585427 302.804774 430.706804 226.273412 393.014848 220.303593 11 0.865457
50.616155 287.732997 8.493175 289.203964 11.352631 371.088071 53.475611 369.617104 0 0.843734
100.518041 73.896992 54.871152 73.896992 54.871152 171.335261 100.518041 171.335261 0 0.884977
99.156771 72.706988 53.914520 73.496695 55.582023 169.027907 100.824274 168.238201 0 0.823841
143.647750 288.652644 98.835395 290.217526 101.742097 373.454582 146.554452 371.889700 1 0.726210
339.720010 263.067851 338.769968 281.195720 382.490625 283.487023 383.440666 265.359154 12 0.716982
52.967687 77.466239 8.681366 78.239260 10.263741 168.893445 54.550062 168.120424 1 0.804784
339.501288 262.972731 338.579968 280.552575 382.675280 282.863512 383.596601 265.283669 12 0.798940
