132.447793 70.411940 86.329429 70.411940 86.329429 171.763645 132.447793 171.763645 0 0.874681
182.129356 70.808541 135.090598 71.629606 136.818031 170.594164 183.856789 169.773100 0 0.711791
233.617069 5.381838 201.628494 11.022287 216.447021 95.062331 248.435596 89.421882 11 0.832311
43.534188 354.361055 43.534188 372.272816 81.642087 372.272816 81.642087 354.361055 8 0.731734
88.282372 353.238664 88.282372 371.089850 125.999859 371.089850 125.999859 353.238664 8 0.709752
86.110026 170.090365 130.657134 170.867938 132.371517 72.651035 87.824408 71.873462 0 0.863129
43.465767 354.409061 43.465767 372.294954 81.673955 372.294954 81.673955 354.409061 8 0.751038
126.908570 294.333006 89.318759 294.989138 90.611356 369.041938 128.201166 368.385805 0 0.814913
233.573942 5.443709 202.367797 10.946195 217.153327 94.799101 248.359472 89.296616 11 0.788427
87.981552 353.441746 87.981552 371.202019 125.429632 371.202019 125.429632 353.441746 8 0.744172
127.039776 289.763571 86.213849 291.189244 88.977513 370.330222 129.803440 368.904549 0 0.742031
