88.698350 287.882245 46.782080 289.345994 49.686172 372.508299 91.602442 371.044550 0 0.860487
47.010636 75.444462 1.664983 75.444462 1.664983 170.234962 47.010636 170.234962 1 0.863460
376.694349 293.899426 410.192166 299.805995 422.850939 228.014529 389.353122 222.107960 11 0.831010
44.281162 289.267864 2.722304 289.993276 4.194446 374.332235 45.753304 373.606823 0 0.717837
140.477529 78.214213 96.460002 78.982542 98.063649 170.855433 142.081176 170.087104 0 0.795059
376.598975 294.106061 409.929377 299.983110 422.651578 227.831924 389.321175 221.954874 11 0.817584
136.253636 288.232299 93.828180 289.713829 96.688911 371.634440 139.114367 370.152910 1 0.766269
93.490736 75.902281 48.655042 75.902281 48.655042 169.904666 93.490736 169.904666 0 0.890381
136.262731 288.333465 93.837900 289.814972 96.694430 371.615278 139.119260 370.133771 1 0.774396
87.731747 287.386037 46.891518 288.812209 49.786164 371.704009 90.626392 370.277837 0 0.809349
