91.708865 288.561805 50.325734 289.284151 51.744883 370.587161 93.128015 369.864815 0 0.803231
46.137716 288.962493 1.502091 289.741611 2.991348 375.061101 47.626973 374.281984 0 0.745773
53.601261 73.910957 53.601261 91.462144 96.193685 91.462144 96.193685 73.910957 8 0.793141
48.564954 75.555930 4.109071 75.555930 4.109071 169.880616 48.564954 169.880616 1 0.744920
236.242702 275.563732 249.733251 310.707815 304.703767 289.606611 291.213217 254.462528 12 0.857623
191.559520 69.787703 210.045161 117.944445 283.540312 89.732300 265.054671 41.575558 12 0.847099
148.198828 76.598802 100.836972 76.598802 100.836972 169.760217 148.198828 169.760217 0 0.826671
53.797614 73.966138 53.797614 90.981108 95.757111 90.981108 95.757111 73.966138 8 0.777627
147.473049 76.457068 100.091551 77.284116 101.708580 169.923634 149.090078 169.096587 0 0.808609
54.668341 357.213507 54.668341 374.486048 91.885936 374.486048 91.885936 357.213507 8 0.711178
